6 0 0 27.0813 10524
6 1 111 23.1183 8976.11
6 2 209 21.1037 8157.28
6 3 308 19.0827 7327.45
6 4 407 17.6972 6755.33
6 5 507 16.5554 6239.73
6 6 608 15.5876 5796.08
6 7 785 14.9145 5417.32
6 8 905 14.3036 5148.64
6 9 1026 13.8597 4940.97
6 10 1148 13.4181 4724.81
6 11 1267 13.0198 4562.54
6 12 1387 12.6128 4371.25
6 13 1503 12.3818 4248.21
6 14 1631 12.133 4133.02
6 15 1749 11.862 4013.87
6 16 1864 11.5777 3873.55
6 17 1978 11.3534 3774.53
6 18 2091 11.2271 3709.85
6 19 2205 11.071 3628.83
6 20 2321 10.9499 3565.28
6 21 2438 10.797 3484.18
6 22 2555 10.6995 3417.86
6 23 2672 10.6 3353.38
6 24 2791 10.5119 3307.73
6 25 2903 10.4046 3251.47
6 26 3003 10.3026 3206.46
6 27 3102 10.2205 3165.42
6 28 3201 10.1339 3124.54
6 29 3300 10.0463 3082.89
6 30 3399 10.0078 3057.57
6 31 3498 9.95514 3033.59
6 32 3597 9.88424 3000.75
6 33 3699 9.84709 2971.6
6 34 3799 9.77409 2932.57
6 35 3894 9.71134 2909.08
6 36 3987 9.64287 2867.92
6 37 4080 9.59694 2841.54
6 38 4174 9.55764 2822.23
6 39 4268 9.50015 2795.58
6 40 4361 9.49064 2778.92
6 41 4453 9.43767 2757.76
6 42 4546 9.4058 2740.65
6 43 4641 9.35385 2720.22
6 44 4737 9.33004 2706.87
6 45 4833 9.2951 2692.04
6 46 4930 9.26394 2675.89
6 47 5027 9.24987 2667.72
6 48 5125 9.22503 2645.07
6 49 5219 9.19933 2638.82
6 50 5313 9.17804 2628.12
6 51 5409 9.17856 2616.43
6 52 5509 9.16285 2611.52
6 53 5610 9.14188 2602.68
6 54 5711 9.12298 2590.6
6 55 5811 9.10082 2583.25
6 56 5908 9.06488 2575.91
6 57 6004 9.06058 2567.61
6 58 6100 9.07675 2557.64
6 59 6194 9.07292 2554.49
6 60 6287 9.05858 2548.2
6 61 6380 9.03652 2538.55
6 62 6473 8.99478 2524.33
6 63 6566 8.99022 2519.79
6 64 6659 8.97406 2511.4
6 65 6752 8.96494 2500.24
6 66 6844 8.96326 2488.96
6 67 6936 8.96437 2488.54
6 68 7029 8.94339 2481.84
6 69 7122 8.91968 2473.83
6 70 7215 8.93272 2470.71
6 71 7308 8.91497 2461
6 72 7401 8.90665 2456.26
6 73 7494 8.88981 2450.75
6 74 7587 8.88199 2444.8
6 75 7679 8.88164 2438.54
6 76 7772 8.87017 2433.65
6 77 7865 8.84866 2426.99
6 78 7983 8.84041 2420.47
6 79 8089 8.84507 2418.46
6 80 8187 8.83896 2412.25
6 81 8284 8.82328 2409.07
6 82 8381 8.79192 2401.89
6 83 8475 8.79573 2400.2
6 84 8567 8.78665 2395.24
6 85 8658 8.776 2389.87
6 86 8751 8.74608 2382.18
6 87 8844 8.73119 2377.31
6 88 8937 8.72158 2372.63
6 89 9030 8.72775 2374.9
6 90 9123 8.72401 2373.2
6 91 9216 8.73097 2376.48
6 92 9310 8.74087 2378.37
6 93 9403 8.74241 2376.91
6 94 9496 8.71605 2366.55
6 95 9590 8.70438 2362.27
6 96 9683 8.69345 2355.36
6 97 9776 8.69695 2347.26
6 98 9870 8.68854 2340.43
6 99 9963 8.6783 2334.51
6 100 10056 8.67755 2331.73
6 101 10149 8.66962 2328.26
6 102 10242 8.65906 2325.84
6 103 10338 8.63322 2315.93
6 104 10439 8.62471 2313.59
6 105 10541 8.61771 2312.46
6 106 10646 8.60361 2309.89
6 107 10752 8.59831 2307.84
6 108 10853 8.58389 2305.29
6 109 10951 8.58219 2305.83
6 110 11048 8.5747 2300.71
6 111 11145 8.58238 2301.12
6 112 11241 8.59041 2301.75
6 113 11336 8.582 2300.69
6 114 11430 8.58445 2300.99
6 115 11524 8.58179 2301.3
6 116 11618 8.57356 2295.14
6 117 11712 8.57051 2293.44
6 118 11807 8.55889 2290.78
6 119 11904 8.55154 2285.93
6 120 12001 8.55433 2284.62
6 121 12098 8.54359 2282.88
6 122 12194 8.54526 2280
6 123 12291 8.54484 2279.08
6 124 12389 8.53728 2277.29
6 125 12486 8.52815 2273.33
6 126 12582 8.51256 2270.09
6 127 12676 8.50787 2265.7
6 128 12770 8.50943 2266.84
6 129 12863 8.51574 2267.07
6 130 12956 8.51193 2263.8
6 131 13054 8.51232 2260.01
6 132 13151 8.49194 2254.23
6 133 13251 8.48157 2249.35
6 134 13349 8.47877 2245.13
6 135 13448 8.48459 2243.92
6 136 13545 8.47771 2243.45
6 137 13638 8.47402 2241.34
6 138 13733 8.46949 2240.16
6 139 13828 8.46164 2238.11
6 140 13922 8.44734 2232.65
6 141 14017 8.45471 2235.63
6 142 14113 8.45678 2232.77
6 143 14208 8.45998 2232.08
6 144 14303 8.45836 2230.42
6 145 14398 8.45821 2228.55
6 146 14489 8.46277 2228.02
6 147 14581 8.45758 2226.03
6 148 14675 8.45017 2224.25
6 149 14770 8.46362 2226.6
6 150 14864 8.4776 2229.4
6 151 14959 8.47875 2226.21
6 152 15054 8.48989 2229.29
6 153 15149 8.47625 2225.8
6 154 15245 8.46203 2225.17
6 155 15340 8.45693 2221.73
6 156 15434 8.45757 2219.71
6 157 15536 8.4634 2222.81
6 158 15635 8.46097 2220.33
6 159 15733 8.45262 2217.13
6 160 15833 8.45299 2215.33
6 161 15934 8.43245 2212.43
6 162 16035 8.43342 2209.98
6 163 16206 8.43032 2209.14
6 164 16357 8.42464 2207.79
6 165 16466 8.41576 2206
6 166 16562 8.4123 2202.51
6 167 16659 8.41504 2202.61
6 168 16753 8.41483 2200.98
6 169 16848 8.41708 2201.26
6 170 16946 8.41362 2198.56
6 171 17042 8.41773 2199.5
6 172 17137 8.41081 2195.65
6 173 17231 8.40595 2193.98
6 174 17325 8.40716 2193.01
6 175 17427 8.41415 2193.78
6 176 17523 8.39821 2190.23
6 177 17618 8.40142 2193.11
6 178 17717 8.39936 2192.2
6 179 17818 8.40128 2190.97
6 180 17916 8.40071 2190.18
6 181 18014 8.38899 2187.12
6 182 18116 8.38718 2184.07
6 183 18219 8.39226 2185.22
6 184 18320 8.3878 2183.82
6 185 18422 8.38343 2182.33
6 186 18520 8.37188 2177.43
6 187 18619 8.36239 2176.18
6 188 18718 8.36118 2180.26
6 189 18884 8.36897 2179.5
6 190 19003 8.36518 2178.75
6 191 19124 8.36042 2176.23
6 192 19262 8.35449 2173.81
6 193 19395 8.34777 2171.44
6 194 19526 8.34789 2170.05
6 195 19649 8.3406 2168.08
6 196 19773 8.34331 2169.3
6 197 19878 8.34614 2167.7
6 198 19983 8.34758 2166.21
6 199 20088 8.34364 2164.71
6 200 20193 8.33491 2163.2
6 201 20307 8.33087 2161.91
6 202 20414 8.33014 2161.15
6 203 20520 8.32848 2158.51
6 204 20625 8.32497 2156.32
6 205 20733 8.32535 2155.25
6 206 20839 8.31967 2153.37
6 207 20944 8.31761 2151.77
6 208 21104 8.3191 2151.95
6 209 21233 8.31448 2150.64
6 210 21356 8.31606 2150
6 211 21479 8.32114 2149.42
6 212 21641 8.31818 2148.57
6 213 21766 8.3245 2150.93
6 214 21890 8.32777 2152.72
6 215 22013 8.32105 2151.84
6 216 22140 8.31958 2150.57
6 217 22261 8.31679 2149.57
6 218 22384 8.31818 2150.05
6 219 22508 8.32176 2149.99
6 220 22638 8.32425 2153.2
6 221 22748 8.33399 2153.52
6 222 22854 8.33742 2152.38
6 223 22958 8.32943 2148.6
6 224 23061 8.34359 2151.99
6 225 23161 8.33476 2148.76
6 226 23261 8.32791 2144.98
6 227 23361 8.32573 2145.22
6 228 23464 8.32627 2143.66
6 229 23567 8.32448 2144.14
6 230 23672 8.31851 2144.42
6 231 23779 8.32522 2144.5
6 232 23884 8.31957 2142.24
6 233 23987 8.31885 2143.17
6 234 24091 8.31543 2142.71
6 235 24193 8.31896 2143.33
6 236 24292 8.31999 2142.04
6 237 24391 8.31864 2140.62
6 238 24489 8.31267 2138.86
6 239 24602 8.31493 2139.94
6 240 24703 8.31395 2137.3
6 241 24802 8.3252 2138.15
6 242 24901 8.33088 2138.02
6 243 25001 8.32852 2137.39
6 244 25102 8.32713 2135.9
6 245 25200 8.31685 2135.24
6 246 25297 8.31612 2136.72
6 247 25392 8.31744 2136.73
6 248 25489 8.31588 2136.35
6 249 25585 8.31219 2135.83
6 250 25679 8.31368 2137.06
6 251 25773 8.31443 2137.38
6 252 25867 8.31814 2136.97
6 253 25961 8.32154 2137.8
6 254 26055 8.31592 2136.8
6 255 26150 8.31422 2136.59
6 256 26251 8.30896 2135.54
6 257 26352 8.30724 2135.16
6 258 26454 8.31048 2135.66
6 259 26593 8.30891 2134.26
6 260 26748 8.30789 2134.1
6 261 26862 8.30689 2132.89
6 262 26977 8.31747 2133.88
6 263 27091 8.32025 2134.78
6 264 27205 8.31574 2132.85
6 265 27318 8.31301 2130.94
6 266 27431 8.31479 2133.34
6 267 27543 8.31612 2133.45
6 268 27656 8.31837 2135.36
6 269 27769 8.31662 2136.32
6 270 27883 8.31902 2136.49
6 271 27997 8.31677 2135.69
6 272 28111 8.32111 2137.13
6 273 28225 8.3173 2134.7
6 274 28339 8.31993 2135.58
6 275 28450 8.31365 2134.35
6 276 28546 8.31525 2133.59
6 277 28651 8.31248 2131.68
6 278 28753 8.3115 2131.53
6 279 28880 8.30451 2130.63
6 280 29002 8.30307 2129.91
6 281 29123 8.30358 2128.73
6 282 29243 8.30774 2130.27
6 283 29367 8.30383 2128.31
6 284 29489 8.3007 2128.77
6 285 29608 8.29781 2129.57
6 286 29725 8.29575 2128.56
6 287 29846 8.29354 2129.26
6 288 29959 8.29134 2129.69
6 289 30072 8.2849 2127.86
6 290 30182 8.2792 2126.41
6 291 30293 8.27807 2126.43
6 292 30406 8.2757 2127.02
6 293 30517 8.28347 2127.51
6 294 30626 8.28887 2127.52
6 295 30735 8.2901 2127.39
6 296 30843 8.28475 2125.17
6 297 30953 8.28271 2124.04
6 298 31071 8.27645 2122.16
6 299 31188 8.27546 2121.35
6 300 31302 8.27363 2120.76
6 301 31408 8.27308 2120.1
6 302 31507 8.27222 2120.05
6 303 31605 8.27214 2119.4
6 304 31702 8.27193 2120.86
6 305 31796 8.27481 2120.5
6 306 31890 8.27064 2119.94
6 307 31984 8.27006 2119.61
6 308 32075 8.2651 2118.28
6 309 32166 8.25783 2116.21
6 310 32259 8.25604 2116.32
6 311 32350 8.24703 2115.29
6 312 32441 8.24719 2115.33
6 313 32532 8.23913 2113.69
6 314 32623 8.23448 2115.07
6 315 32714 8.23098 2116.22
6 316 32805 8.23035 2116.26
6 317 32897 8.23455 2117.36
6 318 32989 8.23807 2118.61
6 319 33080 8.23489 2117.38
6 320 33171 8.23317 2117.33
6 321 33263 8.23414 2119.11
6 322 33361 8.2371 2121.82
6 323 33459 8.22932 2119.99
6 324 33557 8.22717 2119.03
6 325 33655 8.23097 2118.64
6 326 33753 8.22043 2117.28
6 327 33851 8.22213 2118.91
6 328 33949 8.22289 2119.53
6 329 34047 8.21201 2116.59
6 330 34143 8.20743 2115.49
6 331 34238 8.20246 2115.09
6 332 34332 8.19515 2111.57
6 333 34427 8.19246 2112.28
6 334 34522 8.1818 2110.32
6 335 34616 8.18622 2111.56
6 336 34710 8.18461 2111.17
6 337 34804 8.19058 2112.79
6 338 34898 8.19621 2113.46
6 339 34992 8.19489 2112.52
6 340 35086 8.19249 2114.44
6 341 35180 8.18703 2113.71
6 342 35275 8.19156 2114.71
6 343 35372 8.19505 2115.15
6 344 35469 8.19074 2112.99
6 345 35566 8.18832 2112.44
6 346 35660 8.19565 2112.28
6 347 35762 8.197 2111.69
6 348 35864 8.19046 2110.55
6 349 35967 8.18807 2110.27
6 350 36082 8.18707 2110.73
6 351 36187 8.18402 2109.52
6 352 36291 8.17473 2107.08
6 353 36394 8.1749 2107.32
6 354 36494 8.17254 2107.24
6 355 36592 8.16813 2105.72
6 356 36690 8.17123 2107.57
6 357 36788 8.16303 2105.4
6 358 36889 8.16031 2104.72
6 359 36987 8.1567 2104.05
6 360 37084 8.15942 2104.8
6 361 37181 8.1531 2103.53
6 362 37279 8.14801 2102.43
6 363 37377 8.14501 2102.04
6 364 37475 8.14055 2100.46
6 365 37572 8.1387 2099.61
6 366 37667 8.14564 2101.53
6 367 37762 8.13872 2099.02
6 368 37860 8.13739 2098.17
6 369 37961 8.13531 2098.6
6 370 38059 8.13139 2097.7
6 371 38156 8.12326 2096.15
6 372 38254 8.11745 2095.18
6 373 38353 8.1155 2095.13
6 374 38458 8.11449 2094.23
6 375 38559 8.11361 2093.76
6 376 38657 8.11419 2093.15
6 377 38755 8.1139 2092.14
6 378 38853 8.1072 2090.06
6 379 38951 8.10895 2089.4
6 380 39049 8.10457 2089.29
6 381 39148 8.1093 2091.93
6 382 39247 8.11249 2093.3
6 383 39346 8.11638 2096.78
6 384 39440 8.11612 2096.21
6 385 39534 8.11183 2095.29
6 386 39627 8.11489 2096.4
6 387 39721 8.11426 2097.15
6 388 39819 8.11142 2094.39
6 389 39913 8.10955 2093.13
6 390 40007 8.10787 2092.32
6 391 40101 8.10666 2091.63
6 392 40194 8.10292 2090.96
6 393 40288 8.1009 2089.74
6 394 40381 8.09866 2090.08
6 395 40546 8.09629 2089.97
6 396 40652 8.09202 2089.03
6 397 40746 8.09018 2087.27
6 398 40845 8.08223 2085.78
6 399 40946 8.09163 2088.28
6 400 41047 8.09518 2088.81
6 401 41148 8.09056 2088.11
6 402 41249 8.09572 2090.44
6 403 41346 8.09492 2089.91
6 404 41443 8.0936 2089.26
6 405 41540 8.08927 2089.54
6 406 41637 8.09269 2090.89
6 407 41734 8.08617 2088.95
6 408 41827 8.08655 2087.94
6 409 41920 8.08813 2089.7
6 410 42013 8.08966 2090.1
6 411 42107 8.08939 2090.2
6 412 42200 8.09291 2091.91
6 413 42294 8.0905 2091.36
6 414 42388 8.09062 2089.71
6 415 42481 8.08923 2089.71
6 416 42575 8.08781 2089.18
6 417 42668 8.08947 2089.38
6 418 42762 8.09245 2089.16
6 419 42856 8.08863 2089.49
6 420 42949 8.08548 2088.89
6 421 43042 8.09153 2089.16
6 422 43136 8.09175 2088.66
6 423 43236 8.09525 2090.19
6 424 43337 8.1013 2090.36
6 425 43434 8.10369 2091.66
6 426 43532 8.10169 2091.51
6 427 43629 8.10187 2090.69
6 428 43738 8.10313 2092.32
6 429 43838 8.09893 2090.87
6 430 43933 8.09663 2090.41
6 431 44031 8.09361 2090.71
6 432 44125 8.10107 2091.51
6 433 44219 8.10458 2092.65
6 434 44312 8.09436 2091.44
6 435 44413 8.08954 2089.2
6 436 44510 8.08682 2088.52
6 437 44605 8.08276 2089.11
6 438 44699 8.08507 2088.89
6 439 44795 8.08014 2088.06
6 440 44889 8.08103 2087.65
6 441 44984 8.07996 2086.75
6 442 45080 8.07618 2085.3
6 443 45174 8.07857 2086.13
6 444 45270 8.08477 2085.77
6 445 45368 8.07687 2083.2
6 446 45465 8.07474 2082.14
6 447 45564 8.0732 2082.62
6 448 45667 8.07318 2083.7
6 449 45768 8.07245 2083.49
6 450 45881 8.06864 2081.3
6 451 46039 8.06888 2080.52
6 452 46185 8.06333 2078.76
6 453 46332 8.06338 2079.86
6 454 46455 8.05672 2079.02
6 455 46576 8.05814 2079.65
6 456 46692 8.05821 2079.48
6 457 46810 8.05485 2079.15
6 458 46925 8.05183 2078.48
6 459 47040 8.04449 2077.68
6 460 47168 8.04427 2078.42
6 461 47286 8.04301 2078.16
6 462 47403 8.04334 2077.65
6 463 47522 8.049 2077.66
6 464 47637 8.04334 2077.34
6 465 47753 8.04205 2077.8
6 466 47872 8.03815 2078.02
6 467 47988 8.03866 2077.99
6 468 48109 8.03488 2075.44
6 469 48232 8.0322 2074.71
6 470 48372 8.02838 2073.21
6 471 48501 8.02859 2072.13
6 472 48646 8.0241 2070.69
6 473 48796 8.02313 2070.69
6 474 48912 8.01976 2071.34
6 475 49027 8.01757 2070.54
6 476 49142 8.01761 2070.27
6 477 49255 8.01804 2072.12
6 478 49368 8.01455 2070.84
6 479 49485 8.01877 2073.49
6 480 49599 8.03005 2078.36
6 481 49712 8.02917 2078.31
6 482 49825 8.02871 2078.55
6 483 49948 8.03066 2078.35
6 484 50063 8.02894 2077.72
6 485 50176 8.02699 2076.57
6 486 50289 8.02553 2076.44
6 487 50401 8.02498 2075.49
6 488 50514 8.02594 2075.64
6 489 50638 8.02454 2076
6 490 50755 8.01839 2074.98
6 491 50872 8.01395 2074.38
6 492 50988 8.01541 2074.93
6 493 51101 8.01699 2076.06
6 494 51200 8.02247 2077.43
6 495 51291 8.01701 2076.69
6 496 51383 8.02255 2079.96
6 497 51477 8.02975 2081.29
6 498 51571 8.0256 2080.62
6 499 51668 8.02484 2081.09
6 500 51766 8.02507 2082.21
6 501 51861 8.0246 2080.56
6 502 51955 8.02056 2078.09
6 503 52049 8.01764 2078.68
6 504 52143 8.01716 2080.7
6 505 52237 8.01647 2079.68
6 506 52331 8.02272 2082.5
6 507 52427 8.03495 2085.71
6 508 52522 8.02939 2085.6
6 509 52617 8.02622 2085.41
6 510 52712 8.02259 2083.59
6 511 52807 8.02468 2084.27
6 512 52905 8.02349 2083.34
6 513 53006 8.03409 2085.85
6 514 53111 8.02837 2084.49
6 515 53208 8.02633 2084.61
6 516 53305 8.02855 2084.76
6 517 53402 8.02747 2084.75
6 518 53499 8.0193 2082.77
6 519 53596 8.01746 2082.38
6 520 53694 8.01489 2082
6 521 53792 8.01714 2082.82
6 522 53888 8.01522 2081.94
6 523 53983 8.0114 2080.94
6 524 54078 8.00658 2078.13
6 525 54172 8.00184 2077.21
6 526 54266 7.99787 2076.15
6 527 54360 7.99666 2076.04
6 528 54454 7.99441 2074.74
6 529 54560 7.99042 2073.19
6 530 54656 7.99325 2075.55
6 531 54751 7.9942 2076.24
6 532 54846 7.99276 2073.87
6 533 54940 7.99737 2076
6 534 55034 7.99357 2076.33
6 535 55130 7.99366 2076.28
6 536 55228 7.9906 2076.14
6 537 55331 7.99615 2076.7
6 538 55437 7.99305 2076.21
6 539 55540 7.98598 2074.5
6 540 55643 7.98409 2073.19
6 541 55746 7.98859 2074.64
6 542 55849 7.984 2074.4
6 543 55952 7.9884 2074.48
6 544 56054 7.98606 2074.25
6 545 56152 7.98621 2075.22
6 546 56248 7.98972 2077.02
6 547 56345 7.99197 2076.4
6 548 56443 7.98725 2077.15
6 549 56539 7.98802 2078.27
6 550 56633 7.98548 2077.95
6 551 56727 7.98804 2078.67
6 552 56821 7.98535 2078.22
6 553 56912 7.98465 2077.82
6 554 57003 7.98129 2077.46
6 555 57097 7.97782 2075.41
6 556 57192 7.97942 2075.2
6 557 57286 7.97485 2073.1
6 558 57389 7.98359 2074.13
6 559 57484 7.98103 2073.78
6 560 57581 7.97314 2072.11
6 561 57679 7.9733 2070.5
6 562 57779 7.97452 2071.24
6 563 57884 7.97373 2071.22
6 564 57990 7.9705 2068.63
6 565 58097 7.9665 2068.04
6 566 58200 7.96724 2068.58
6 567 58299 7.97095 2070.64
6 568 58398 7.97842 2072.85
6 569 58496 7.97292 2071.52
6 570 58592 7.97055 2069.94
6 571 58688 7.97577 2071.85
6 572 58784 7.97312 2072.92
6 573 58883 7.96956 2072.01
6 574 58982 7.96617 2070.32
6 575 59082 7.96401 2070.24
6 576 59187 7.95834 2069.62
6 577 59292 7.9542 2069.29
6 578 59392 7.9544 2068.55
6 579 59492 7.96074 2069.61
6 580 59594 7.9607 2069.69
6 581 59695 7.95794 2069.83
6 582 59795 7.95176 2067.27
6 583 59895 7.9487 2065.54
6 584 59997 7.94524 2064.48
6 585 60096 7.95013 2064.2
6 586 60204 7.95117 2064.12
6 587 60308 7.94765 2062.35
6 588 60410 7.95537 2063.43
6 589 60516 7.95294 2062.66
6 590 60621 7.94988 2061.34
6 591 60726 7.94777 2061.78
6 592 60825 7.95121 2062.56
6 593 60923 7.94724 2062.24
6 594 61022 7.94929 2063.07
6 595 61116 7.94858 2062.97
6 596 61209 7.94066 2060.08
6 597 61303 7.93954 2059.85
6 598 61397 7.93836 2059.68
6 599 61491 7.94526 2061.02
6 600 61585 7.95578 2063.09
6 601 61679 7.94471 2059.81
6 602 61774 7.94822 2060.92
6 603 61868 7.94389 2060.52
6 604 61962 7.93952 2059.64
6 605 62056 7.94533 2061.02
6 606 62153 7.94001 2058.71
6 607 62250 7.94815 2059.87
6 608 62346 7.94426 2059.6
6 609 62443 7.94896 2061.05
6 610 62540 7.9464 2061.94
6 611 62636 7.94752 2062.15
6 612 62730 7.93833 2060.14
6 613 62824 7.9444 2060.46
6 614 62926 7.95315 2062.08
6 615 63027 7.94637 2061.1
6 616 63124 7.94692 2062.57
6 617 63225 7.95481 2063.26
6 618 63327 7.94762 2060.71
6 619 63428 7.94804 2060.94
6 620 63526 7.94625 2060.44
6 621 63621 7.94003 2060.83
6 622 63718 7.92995 2060.16
6 623 63813 7.92579 2057.74
6 624 63907 7.92374 2057.22
6 625 64000 7.93067 2057.17
6 626 64093 7.92431 2056.42
6 627 64186 7.92437 2056.57
6 628 64279 7.92864 2058.55
6 629 64373 7.92321 2057.56
6 630 64467 7.91151 2055.43
6 631 64560 7.91203 2055.34
6 632 64724 7.91333 2057.17
6 633 64845 7.91198 2057.83
6 634 64955 7.90921 2057.31
6 635 65065 7.90424 2056.43
6 636 65175 7.89276 2053.83
6 637 65290 7.88973 2052.94
6 638 65391 7.88589 2052.57
6 639 65492 7.88431 2051.89
6 640 65590 7.88921 2052
6 641 65688 7.8899 2051.93
6 642 65786 7.8844 2051.23
6 643 65889 7.88204 2050.45
6 644 65984 7.87608 2048.64
6 645 66077 7.87112 2047.64
6 646 66181 7.86654 2044.89
6 647 66277 7.86819 2046.43
6 648 66373 7.86837 2044.88
6 649 66469 7.8707 2045.36
6 650 66563 7.87418 2045.98
6 651 66657 7.87704 2045.83
6 652 66756 7.87687 2046.44
6 653 66849 7.8744 2045.14
6 654 66942 7.87468 2044.36
6 655 67036 7.87332 2043.86
6 656 67129 7.87188 2042.76
6 657 67222 7.87433 2043.66
6 658 67316 7.8775 2045.1
6 659 67410 7.87631 2045.7
6 660 67503 7.87209 2044.26
6 661 67606 7.87073 2044.75
6 662 67707 7.87054 2044.45
6 663 67810 7.86692 2043.55
6 664 67928 7.86089 2040.7
6 665 68048 7.86263 2040.87
6 666 68154 7.86275 2040.62
6 667 68251 7.86241 2041.84
6 668 68348 7.86301 2042.82
6 669 68445 7.86763 2042.45
6 670 68560 7.8684 2040.16
6 671 68685 7.86582 2038.56
6 672 68801 7.87638 2040.94
6 673 68920 7.86993 2039.23
6 674 69032 7.86434 2036.77
6 675 69155 7.86923 2036.24
6 676 69270 7.87262 2035.31
6 677 69388 7.88404 2038.71
6 678 69501 7.88796 2040.62
6 679 69620 7.88915 2041.05
6 680 69732 7.89038 2040.71
6 681 69844 7.87169 2037.19
6 682 69957 7.86931 2036.62
6 683 70078 7.8689 2036.11
6 684 70209 7.86955 2037.06
6 685 70336 7.87257 2036.24
6 686 70455 7.877 2036.73
6 687 70576 7.86746 2034.52
6 688 70695 7.85862 2033.94
6 689 70815 7.86142 2034.19
6 690 70934 7.85683 2034.21
6 691 71038 7.84923 2032.4
6 692 71134 7.85004 2033.45
6 693 71231 7.84827 2032.45
6 694 71326 7.84483 2032.91
6 695 71426 7.84428 2032.81
6 696 71520 7.84266 2031.62
6 697 71614 7.85273 2035.69
6 698 71708 7.84883 2033.76
6 699 71802 7.86061 2035.09
6 700 71899 7.86329 2033.98
6 701 71997 7.85834 2033.81
6 702 72092 7.8516 2032.42
6 703 72219 7.84736 2033.09
6 704 72332 7.858 2035.61
6 705 72454 7.84881 2034.1
6 706 72582 7.8475 2033.61
6 707 72704 7.84393 2033.72
6 708 72838 7.84136 2032.98
6 709 72960 7.84513 2032.93
6 710 73083 7.84261 2031.75
6 711 73201 7.84498 2032.58
6 712 73322 7.84554 2032.4
6 713 73436 7.84115 2031.61
6 714 73550 7.83782 2029.46
6 715 73663 7.83538 2030.81
6 716 73787 7.82958 2028.82
6 717 73889 7.83892 2031.09
6 718 73990 7.83404 2032.03
6 719 74085 7.82979 2032.86
6 720 74180 7.83427 2035.02
6 721 74286 7.83241 2035.32
6 722 74382 7.83246 2036.28
6 723 74478 7.83119 2037.36
6 724 74572 7.82046 2034.42
6 725 74666 7.81988 2033.53
6 726 74760 7.81567 2031.33
6 727 74862 7.81196 2030.9
6 728 74965 7.81149 2029.27
6 729 75064 7.81639 2031.25
6 730 75163 7.81214 2031.18
6 731 75268 7.80988 2032.94
6 732 75369 7.80398 2032.64
6 733 75468 7.80695 2032.09
6 734 75564 7.80597 2031.38
6 735 75661 7.80343 2029.68
6 736 75755 7.81036 2032.21
6 737 75846 7.80976 2031.59
6 738 75936 7.80458 2032.19
6 739 76026 7.80078 2031.63
6 740 76122 7.79422 2031.01
6 741 76212 7.79696 2032.11
6 742 76302 7.78883 2031.12
6 743 76392 7.79036 2029.55
6 744 76482 7.79275 2027.6
6 745 76573 7.78982 2027.39
6 746 76664 7.78089 2025.89
6 747 76754 7.78162 2025.45
6 748 76844 7.79206 2027.22
6 749 76935 7.79223 2024.53
6 750 77026 7.79062 2026.69
6 751 77129 7.78867 2025.62
6 752 77228 7.78457 2025.27
6 753 77326 7.78525 2028.04
6 754 77423 7.78345 2028.17
6 755 77520 7.78677 2027.56
6 756 77617 7.78766 2027.98
6 757 77712 7.79084 2029.49
6 758 77806 7.79868 2031.31
6 759 77900 7.79416 2031.37
6 760 77995 7.79197 2031.75
6 761 78089 7.79081 2030.84
6 762 78182 7.78953 2031.9
6 763 78275 7.78429 2031.68
6 764 78368 7.7837 2031.31
6 765 78460 7.7915 2034.89
6 766 78551 7.80111 2036.35
6 767 78645 7.80021 2035.96
6 768 78740 7.80264 2036.12
6 769 78831 7.80186 2036.7
6 770 78929 7.80748 2036.76
6 771 79021 7.80389 2035.53
6 772 79113 7.79886 2034.93
6 773 79204 7.79874 2037.46
6 774 79294 7.79308 2036.7
6 775 79384 7.79333 2037.4
6 776 79480 7.79909 2037.18
6 777 79580 7.80284 2037.35
6 778 79681 7.8044 2037.38
6 779 79782 7.79987 2035.88
6 780 79883 7.79299 2034.21
6 781 79985 7.79636 2035.52
6 782 80087 7.79664 2036.16
6 783 80184 7.79256 2034.59
6 784 80281 7.79067 2033
6 785 80378 7.80075 2033.5
6 786 80476 7.80133 2032.77
6 787 80570 7.80008 2032.37
6 788 80729 7.80316 2033.83
6 789 80887 7.80179 2032.94
6 790 81003 7.79398 2031.75
6 791 81124 7.78725 2031.17
6 792 81237 7.79803 2031.97
6 793 81358 7.79532 2032.97
6 794 81474 7.79358 2033.24
6 795 81590 7.79148 2032.95
6 796 81703 7.79086 2033.54
6 797 81815 7.78531 2032.61
6 798 81937 7.78796 2033.79
6 799 82057 7.77921 2032.35
6 800 82177 7.77983 2030.99