0 0 0 27.0813 10524
0 1 67 26.7947 10426.5
0 2 134 26.521 10332.7
0 3 202 26.259 10242.3
0 4 270 26.0078 10154.9
0 5 320 25.7663 10070.3
0 6 369 25.5339 9988.25
0 7 419 25.3098 9908.54
0 8 468 25.0933 9830.96
0 9 519 24.8838 9755.36
0 10 569 24.6808 9681.56
0 11 621 24.4838 9609.44
0 12 672 24.2925 9538.89
0 13 722 24.1065 9469.78
0 14 771 23.9253 9402.02
0 15 822 23.7488 9335.52
0 16 871 23.5765 9270.2
0 17 920 23.4083 9205.99
0 18 969 23.2439 9142.83
0 19 1018 23.0832 9080.64
0 20 1067 22.9258 9019.4
0 21 1116 22.7717 8959.04
0 22 1163 22.6207 8899.51
0 23 1211 22.4725 8840.79
0 24 1259 22.3272 8782.83
0 25 1307 22.1845 8725.6
0 26 1371 22.0443 8669.07
0 27 1421 21.9065 8613.21
0 28 1471 21.7711 8558
0 29 1521 21.6378 8503.4
0 30 1569 21.5067 8449.41
0 31 1617 21.3776 8396
0 32 1662 21.2504 8343.17
0 33 1706 21.1252 8290.87
0 34 1751 21.0018 8239.11
0 35 1796 20.8802 8187.88
0 36 1841 20.7603 8137.14
0 37 1885 20.642 8086.9
0 38 1928 20.5254 8037.14
0 39 1970 20.4102 7987.86
0 40 2012 20.2967 7939.04
0 41 2055 20.1845 7890.67
0 42 2098 20.0738 7842.78
0 43 2141 19.9644 7795.31
0 44 2184 19.8565 7748.27
0 45 2227 19.7498 7701.66
0 46 2269 19.6445 7655.48
0 47 2312 19.5404 7609.7
0 48 2355 19.4375 7564.35
0 49 2398 19.3358 7519.4
0 50 2441 19.2353 7474.84
0 51 2484 19.136 7430.69
0 52 2527 19.0378 7386.94
0 53 2570 18.9406 7343.58
0 54 2614 18.8446 7300.58
0 55 2662 18.7496 7257.96
0 56 2720 18.6557 7215.7
0 57 2770 18.5629 7173.82
0 58 2822 18.471 7132.31
0 59 2874 18.3801 7091.18
0 60 2925 18.2902 7050.39
0 61 2974 18.2012 7009.95
0 62 3022 18.1132 6969.87
0 63 3070 18.0261 6930.16
0 64 3118 17.9399 6890.78
0 65 3166 17.8547 6851.75
0 66 3216 17.7703 6813.08
0 67 3268 17.6867 6774.74
0 68 3318 17.6041 6736.73
0 69 3368 17.5223 6699.06
0 70 3418 17.4413 6661.71
0 71 3468 17.3612 6624.69
0 72 3517 17.2818 6588
0 73 3567 17.2033 6551.63
0 74 3613 17.1256 6515.58
0 75 3657 17.0486 6479.85
0 76 3702 16.9724 6444.43
0 77 3746 16.897 6409.32
0 78 3790 16.8223 6374.53
0 79 3834 16.7484 6340.04
0 80 3878 16.6752 6305.86
0 81 3926 16.6027 6271.98
0 82 3974 16.5309 6238.41
0 83 4022 16.4598 6205.13
0 84 4103 16.3895 6172.15
0 85 4167 16.3198 6139.44
0 86 4231 16.2508 6107.04
0 87 4296 16.1825 6074.92
0 88 4361 16.1148 6043.08
0 89 4426 16.0478 6011.53
0 90 4474 15.9814 5980.25
0 91 4521 15.9157 5949.24
0 92 4568 15.8506 5918.52
0 93 4615 15.7861 5888.07
0 94 4661 15.7223 5857.89
0 95 4707 15.659 5827.99
0 96 4753 15.5964 5798.35
0 97 4799 15.5344 5768.97
0 98 4845 15.4729 5739.84
0 99 4890 15.4121 5710.99
0 100 4935 15.3518 5682.39
0 101 4978 15.2921 5654.04
0 102 5021 15.2329 5625.95
0 103 5064 15.1744 5598.1
0 104 5107 15.1163 5570.49
0 105 5149 15.0588 5543.14
0 106 5202 15.0019 5516.03
0 107 5245 14.9455 5489.18
0 108 5287 14.8896 5462.55
0 109 5329 14.8342 5436.15
0 110 5371 14.7794 5410
0 111 5412 14.7251 5384.07
0 112 5454 14.6713 5358.38
0 113 5496 14.6179 5332.92
0 114 5538 14.5651 5307.68
0 115 5581 14.5128 5282.68
0 116 5624 14.4609 5257.88
0 117 5669 14.4096 5233.31
0 118 5714 14.3587 5208.97
0 119 5759 14.3082 5184.82
0 120 5818 14.2583 5160.89
0 121 5887 14.2088 5137.17
0 122 5957 14.1597 5113.67
0 123 6024 14.1111 5090.38
0 124 6091 14.063 5067.29
0 125 6158 14.0153 5044.41
0 126 6208 13.968 5021.73
0 127 6252 13.9212 4999.24
0 128 6300 13.8748 4976.95
0 129 6342 13.8288 4954.88
0 130 6384 13.7832 4932.99
0 131 6426 13.7381 4911.29
0 132 6468 13.6933 4889.8
0 133 6510 13.649 4868.48
0 134 6552 13.605 4847.35
0 135 6594 13.5615 4826.4
0 136 6636 13.5183 4805.65
0 137 6678 13.4756 4785.08
0 138 6720 13.4332 4764.68
0 139 6762 13.3912 4744.47
0 140 6804 13.3496 4724.44
0 141 6847 13.3084 4704.59
0 142 6889 13.2675 4684.9
0 143 6931 13.227 4665.39
0 144 6973 13.1869 4646.05
0 145 7015 13.1471 4626.88
0 146 7057 13.1076 4607.87
0 147 7100 13.0686 4589.05
0 148 7143 13.0298 4570.38
0 149 7186 12.9915 4551.87
0 150 7229 12.9534 4533.52
0 151 7272 12.9157 4515.34
0 152 7315 12.8783 4497.32
0 153 7358 12.8413 4479.45
0 154 7400 12.8046 4461.75
0 155 7442 12.7682 4444.18
0 156 7484 12.7321 4426.78
0 157 7525 12.6964 4409.53
0 158 7567 12.661 4392.42
0 159 7609 12.6258 4375.46
0 160 7651 12.591 4358.65
0 161 7693 12.5565 4341.99
0 162 7735 12.5223 4325.48
0 163 7775 12.4884 4309.11
0 164 7814 12.4548 4292.87
0 165 7853 12.4215 4276.78
0 166 7892 12.3884 4260.84
0 167 7931 12.3557 4245.04
0 168 7971 12.3232 4229.36
0 169 8011 12.2911 4213.82
0 170 8051 12.2592 4198.42
0 171 8090 12.2275 4183.15
0 172 8131 12.1962 4168.01
0 173 8170 12.1651 4153.01
0 174 8210 12.1343 4138.13
0 175 8250 12.1038 4123.37
0 176 8289 12.0735 4108.74
0 177 8328 12.0435 4094.24
0 178 8371 12.0137 4079.86
0 179 8413 11.9842 4065.61
0 180 8461 11.955 4051.48
0 181 8503 11.926 4037.46
0 182 8545 11.8972 4023.57
0 183 8588 11.8687 4009.81
0 184 8630 11.8405 3996.15
0 185 8672 11.8125 3982.62
0 186 8714 11.7847 3969.2
0 187 8756 11.7571 3955.88
0 188 8798 11.7298 3942.69
0 189 8840 11.7027 3929.6
0 190 8882 11.6759 3916.63
0 191 8924 11.6493 3903.77
0 192 8966 11.6229 3891.01
0 193 9008 11.5967 3878.37
0 194 9050 11.5707 3865.84
0 195 9092 11.545 3853.4
0 196 9134 11.5195 3841.07
0 197 9176 11.4942 3828.85
0 198 9218 11.4691 3816.73
0 199 9260 11.4442 3804.72
0 200 9302 11.4195 3792.8
0 201 9344 11.3951 3780.99
0 202 9387 11.3708 3769.28
0 203 9429 11.3467 3757.67
0 204 9471 11.3229 3746.15
0 205 9524 11.2992 3734.73
0 206 9566 11.2757 3723.4
0 207 9608 11.2525 3712.17
0 208 9650 11.2294 3701.03
0 209 9692 11.2065 3689.99
0 210 9735 11.1838 3679.04
0 211 9779 11.1613 3668.18
0 212 9822 11.139 3657.41
0 213 9865 11.1168 3646.73
0 214 9909 11.0949 3636.14
0 215 9955 11.0731 3625.63
0 216 10001 11.0515 3615.22
0 217 10047 11.0301 3604.89
0 218 10091 11.0088 3594.65
0 219 10135 10.9878 3584.5
0 220 10180 10.9669 3574.43
0 221 10224 10.9461 3564.44
0 222 10268 10.9256 3554.53
0 223 10312 10.9052 3544.71
0 224 10354 10.8849 3534.96
0 225 10396 10.8649 3525.29
0 226 10438 10.845 3515.7
0 227 10480 10.8252 3506.2
0 228 10522 10.8056 3496.77
0 229 10564 10.7862 3487.42
0 230 10606 10.7669 3478.14
0 231 10648 10.7478 3468.94
0 232 10690 10.7289 3459.82
0 233 10732 10.7101 3450.77
0 234 10774 10.6914 3441.79
0 235 10816 10.6729 3432.89
0 236 10858 10.6545 3424.07
0 237 10900 10.6363 3415.31
0 238 10942 10.6183 3406.62
0 239 10984 10.6003 3398.01
0 240 11026 10.5826 3389.47
0 241 11068 10.5649 3380.99
0 242 11111 10.5474 3372.59
0 243 11154 10.5301 3364.25
0 244 11197 10.5128 3355.98
0 245 11240 10.4957 3347.77
0 246 11283 10.4788 3339.63
0 247 11326 10.462 3331.56
0 248 11369 10.4453 3323.55
0 249 11412 10.4287 3315.62
0 250 11455 10.4123 3307.73
0 251 11497 10.396 3299.91
0 252 11539 10.3798 3292.16
0 253 11581 10.3638 3284.46
0 254 11623 10.3479 3276.83
0 255 11665 10.3321 3269.26
0 256 11707 10.3164 3261.76
0 257 11749 10.3009 3254.31
0 258 11791 10.2854 3246.92
0 259 11833 10.2701 3239.59
0 260 11875 10.2549 3232.32
0 261 11917 10.2398 3225.11
0 262 11959 10.2249 3217.95
0 263 12001 10.2101 3210.85
0 264 12043 10.1953 3203.8
0 265 12085 10.1807 3196.82
0 266 12127 10.1662 3189.88
0 267 12169 10.1518 3182.99
0 268 12211 10.1375 3176.17
0 269 12253 10.1234 3169.4
0 270 12297 10.1093 3162.68
0 271 12341 10.0953 3156.01
0 272 12385 10.0815 3149.4
0 273 12429 10.0677 3142.84
0 274 12474 10.0541 3136.33
0 275 12517 10.0406 3129.87
0 276 12560 10.0271 3123.48
0 277 12602 10.0138 3117.12
0 278 12644 10.0006 3110.81
0 279 12686 9.98743 3104.55
0 280 12728 9.9744 3098.34
0 281 12770 9.96146 3092.18
0 282 12812 9.94862 3086.06
0 283 12854 9.93587 3079.99
0 284 12896 9.92322 3073.97
0 285 12938 9.91067 3068
0 286 12980 9.89821 3062.07
0 287 13022 9.88584 3056.19
0 288 13064 9.87356 3050.35
0 289 13106 9.86138 3044.56
0 290 13148 9.84928 3038.81
0 291 13190 9.83728 3033.11
0 292 13232 9.82536 3027.45
0 293 13274 9.81353 3021.83
0 294 13316 9.80179 3016.26
0 295 13358 9.79013 3010.73
0 296 13400 9.77856 3005.24
0 297 13442 9.76707 2999.78
0 298 13484 9.75567 2994.38
0 299 13526 9.74435 2989.02
0 300 13568 9.73311 2983.69
0 301 13610 9.72196 2978.41
0 302 13653 9.71089 2973.16
0 303 13696 9.69989 2967.96
0 304 13739 9.68898 2962.8
0 305 13782 9.67815 2957.68
0 306 13827 9.66739 2952.59
0 307 13872 9.65671 2947.55
0 308 13917 9.64611 2942.53
0 309 13961 9.63559 2937.55
0 310 14004 9.62514 2932.62
0 311 14047 9.61476 2927.72
0 312 14090 9.60446 2922.85
0 313 14133 9.59423 2918.03
0 314 14176 9.58408 2913.24
0 315 14219 9.574 2908.49
0 316 14262 9.56398 2903.77
0 317 14305 9.55405 2899.09
0 318 14348 9.54418 2894.44
0 319 14391 9.53438 2889.83
0 320 14433 9.52465 2885.25
0 321 14475 9.51499 2880.7
0 322 14517 9.50539 2876.19
0 323 14559 9.49587 2871.71
0 324 14601 9.48641 2867.27
0 325 14643 9.47702 2862.85
0 326 14685 9.46769 2858.47
0 327 14727 9.45843 2854.12
0 328 14769 9.44923 2849.8
0 329 14811 9.4401 2845.52
0 330 14853 9.43103 2841.26
0 331 14895 9.42202 2837.04
0 332 14937 9.41307 2832.85
0 333 14979 9.40419 2828.68
0 334 15022 9.39537 2824.55
0 335 15065 9.38661 2820.44
0 336 15108 9.3779 2816.37
0 337 15153 9.36926 2812.33
0 338 15198 9.36068 2808.32
0 339 15241 9.35215 2804.32
0 340 15284 9.34369 2800.36
0 341 15327 9.33528 2796.43
0 342 15370 9.32693 2792.54
0 343 15413 9.31864 2788.67
0 344 15456 9.3104 2784.82
0 345 15501 9.30222 2781
0 346 15544 9.29409 2777.21
0 347 15587 9.28602 2773.45
0 348 15630 9.278 2769.72
0 349 15672 9.27004 2766.02
0 350 15747 9.26213 2762.33
0 351 15796 9.25427 2758.68
0 352 15845 9.24646 2755.05
0 353 15915 9.23871 2751.45
0 354 15976 9.23101 2747.86
0 355 16051 9.22336 2744.3
0 356 16112 9.21576 2740.77
0 357 16173 9.20821 2737.27
0 358 16232 9.20071 2733.79
0 359 16276 9.19326 2730.33
0 360 16319 9.18586 2726.9
0 361 16362 9.17851 2723.49
0 362 16406 9.1712 2720.1
0 363 16449 9.16395 2716.74
0 364 16493 9.15674 2713.4
0 365 16535 9.14958 2710.09
0 366 16577 9.14246 2706.79
0 367 16619 9.13539 2703.53
0 368 16661 9.12837 2700.29
0 369 16703 9.12139 2697.06
0 370 16745 9.11446 2693.86
0 371 16787 9.10758 2690.68
0 372 16829 9.10073 2687.52
0 373 16871 9.09393 2684.39
0 374 16913 9.08718 2681.27
0 375 16955 9.08046 2678.18
0 376 16997 9.07379 2675.1
0 377 17039 9.06717 2672.05
0 378 17081 9.06058 2669.02
0 379 17123 9.05404 2666.01
0 380 17165 9.04754 2663.02
0 381 17207 9.04107 2660.05
0 382 17249 9.03465 2657.1
0 383 17291 9.02827 2654.17
0 384 17333 9.02194 2651.26
0 385 17375 9.01564 2648.37
0 386 17417 9.00938 2645.49
0 387 17459 9.00315 2642.64
0 388 17501 8.99697 2639.81
0 389 17543 8.99083 2636.99
0 390 17586 8.98472 2634.2
0 391 17629 8.97866 2631.42
0 392 17672 8.97263 2628.66
0 393 17715 8.96663 2625.92
0 394 17760 8.96068 2623.2
0 395 17805 8.95476 2620.49
0 396 17850 8.94888 2617.81
0 397 17895 8.94303 2615.14
0 398 17940 8.93722 2612.49
0 399 17985 8.93144 2609.85
0 400 18030 8.9257 2607.23
0 401 18075 8.92 2604.64
0 402 18118 8.91433 2602.05
0 403 18161 8.90869 2599.48
0 404 18204 8.90309 2596.93
0 405 18247 8.89752 2594.39
0 406 18290 8.89199 2591.88
0 407 18333 8.88648 2589.38
0 408 18376 8.88102 2586.9
0 409 18419 8.87558 2584.43
0 410 18461 8.87018 2581.98
0 411 18503 8.86481 2579.55
0 412 18545 8.85946 2577.13
0 413 18587 8.85416 2574.72
0 414 18629 8.84888 2572.33
0 415 18671 8.84364 2569.96
0 416 18713 8.83842 2567.6
0 417 18755 8.83324 2565.26
0 418 18797 8.82808 2562.93
0 419 18839 8.82296 2560.62
0 420 18881 8.81787 2558.32
0 421 18923 8.81281 2556.03
0 422 18965 8.80777 2553.76
0 423 19007 8.80277 2551.5
0 424 19049 8.79779 2549.25
0 425 19091 8.79284 2547.02
0 426 19133 8.78793 2544.81
0 427 19175 8.78304 2542.61
0 428 19217 8.77817 2540.42
0 429 19259 8.77334 2538.25
0 430 19301 8.76853 2536.09
0 431 19343 8.76375 2533.94
0 432 19385 8.759 2531.8
0 433 19427 8.75428 2529.68
0 434 19469 8.74958 2527.57
0 435 19511 8.74491 2525.48
0 436 19553 8.74026 2523.4
0 437 19595 8.73564 2521.33
0 438 19637 8.73105 2519.27
0 439 19679 8.72649 2517.23
0 440 19721 8.72194 2515.19
0 441 19763 8.71743 2513.17
0 442 19805 8.71294 2511.16
0 443 19847 8.70847 2509.17
0 444 19889 8.70403 2507.19
0 445 19931 8.69961 2505.21
0 446 19973 8.69522 2503.26
0 447 20015 8.69085 2501.31
0 448 20057 8.68651 2499.37
0 449 20101 8.68219 2497.45
0 450 20146 8.67789 2495.54
0 451 20191 8.67362 2493.64
0 452 20236 8.66937 2491.75
0 453 20281 8.66514 2489.87
0 454 20325 8.66094 2488
0 455 20369 8.65675 2486.14
0 456 20413 8.6526 2484.3
0 457 20456 8.64846 2482.47
0 458 20499 8.64435 2480.64
0 459 20542 8.64026 2478.83
0 460 20584 8.63619 2477.03
0 461 20626 8.63214 2475.24
0 462 20668 8.62811 2473.46
0 463 20710 8.62411 2471.68
0 464 20752 8.62012 2469.92
0 465 20794 8.61616 2468.17
0 466 20836 8.61222 2466.43
0 467 20878 8.6083 2464.7
0 468 20920 8.6044 2462.98
0 469 20962 8.60052 2461.27
0 470 21001 8.59666 2459.57
0 471 21041 8.59282 2457.88
0 472 21081 8.589 2456.2
0 473 21121 8.5852 2454.53
0 474 21161 8.58142 2452.87
0 475 21201 8.57766 2451.21
0 476 21242 8.57392 2449.57
0 477 21284 8.5702 2447.94
0 478 21326 8.5665 2446.31
0 479 21368 8.56281 2444.7
0 480 21410 8.55915 2443.09
0 481 21452 8.5555 2441.49
0 482 21497 8.55187 2439.89
0 483 21539 8.54826 2438.31
0 484 21581 8.54467 2436.75
0 485 21623 8.5411 2435.18
0 486 21666 8.53755 2433.62
0 487 21709 8.53401 2432.08
0 488 21752 8.53049 2430.54
0 489 21794 8.52699 2429.01
0 490 21836 8.52351 2427.49
0 491 21878 8.52004 2425.98
0 492 21920 8.51659 2424.48
0 493 21962 8.51316 2422.98
0 494 22004 8.50974 2421.49
0 495 22046 8.50634 2420.01
0 496 22088 8.50296 2418.54
0 497 22130 8.4996 2417.08
0 498 22172 8.49625 2415.62
0 499 22214 8.49292 2414.17
0 500 22256 8.4896 2412.73
0 501 22298 8.4863 2411.3
0 502 22340 8.48302 2409.88
0 503 22382 8.47975 2408.46
0 504 22424 8.4765 2407.05
0 505 22466 8.47326 2405.65
0 506 22508 8.47004 2404.26
0 507 22550 8.46683 2402.87
0 508 22592 8.46364 2401.5
0 509 22634 8.46047 2400.13
0 510 22676 8.45731 2398.76
0 511 22718 8.45416 2397.4
0 512 22760 8.45103 2396.05
0 513 22803 8.44792 2394.71
0 514 22847 8.44482 2393.38
0 515 22891 8.44173 2392.05
0 516 22935 8.43866 2390.73
0 517 22979 8.4356 2389.41
0 518 23022 8.43256 2388.1
0 519 23065 8.42953 2386.79
0 520 23108 8.42651 2385.5
0 521 23151 8.42351 2384.21
0 522 23194 8.42053 2382.92
0 523 23238 8.41755 2381.64
0 524 23280 8.41459 2380.38
0 525 23322 8.41165 2379.11
0 526 23364 8.40872 2377.86
0 527 23406 8.4058 2376.61
0 528 23448 8.40289 2375.37
0 529 23490 8.4 2374.13
0 530 23530 8.39712 2372.9
0 531 23569 8.39425 2371.67
0 532 23608 8.3914 2370.45
0 533 23648 8.38856 2369.24
0 534 23690 8.38573 2368.04
0 535 23732 8.38292 2366.84
0 536 23774 8.38011 2365.64
0 537 23816 8.37732 2364.45
0 538 23859 8.37455 2363.27
0 539 23901 8.37178 2362.09
0 540 23943 8.36903 2360.92
0 541 23985 8.36629 2359.75
0 542 24029 8.36356 2358.59
0 543 24071 8.36084 2357.44
0 544 24113 8.35813 2356.29
0 545 24156 8.35544 2355.15
0 546 24200 8.35276 2354.02
0 547 24244 8.35009 2352.89
0 548 24286 8.34743 2351.76
0 549 24328 8.34478 2350.64
0 550 24370 8.34215 2349.53
0 551 24412 8.33952 2348.42
0 552 24454 8.33691 2347.31
0 553 24496 8.33431 2346.21
0 554 24538 8.33172 2345.12
0 555 24580 8.32914 2344.03
0 556 24622 8.32657 2342.94
0 557 24664 8.32401 2341.86
0 558 24716 8.32146 2340.78
0 559 24758 8.31893 2339.71
0 560 24800 8.3164 2338.65
0 561 24842 8.31389 2337.59
0 562 24884 8.31138 2336.54
0 563 24926 8.30889 2335.49
0 564 24968 8.3064 2334.45
0 565 25011 8.30393 2333.41
0 566 25053 8.30147 2332.37
0 567 25095 8.29901 2331.34
0 568 25137 8.29657 2330.31
0 569 25179 8.29414 2329.29
0 570 25221 8.29171 2328.27
0 571 25264 8.2893 2327.26
0 572 25307 8.2869 2326.25
0 573 25350 8.2845 2325.25
0 574 25393 8.28212 2324.25
0 575 25437 8.27974 2323.26
0 576 25481 8.27738 2322.27
0 577 25525 8.27502 2321.29
0 578 25569 8.27268 2320.31
0 579 25612 8.27034 2319.33
0 580 25655 8.26802 2318.36
0 581 25698 8.2657 2317.4
0 582 25741 8.26339 2316.43
0 583 25782 8.26109 2315.48
0 584 25822 8.2588 2314.52
0 585 25862 8.25652 2313.57
0 586 25903 8.25425 2312.62
0 587 25944 8.25199 2311.68
0 588 25985 8.24973 2310.75
0 589 26026 8.24749 2309.81
0 590 26067 8.24525 2308.89
0 591 26108 8.24302 2307.96
0 592 26149 8.2408 2307.04
0 593 26189 8.23859 2306.12
0 594 26230 8.23639 2305.21
0 595 26276 8.23419 2304.3
0 596 26326 8.23201 2303.4
0 597 26368 8.22983 2302.5
0 598 26408 8.22766 2301.6
0 599 26447 8.2255 2300.7
0 600 26487 8.22335 2299.81
0 601 26527 8.2212 2298.92
0 602 26569 8.21907 2298.04
0 603 26612 8.21694 2297.16
0 604 26655 8.21482 2296.29
0 605 26700 8.21271 2295.42
0 606 26748 8.2106 2294.55
0 607 26794 8.20851 2293.69
0 608 26840 8.20642 2292.82
0 609 26886 8.20434 2291.97
0 610 26938 8.20227 2291.12
0 611 26998 8.2002 2290.27
0 612 27046 8.19814 2289.42
0 613 27096 8.19609 2288.58
0 614 27146 8.19405 2287.75
0 615 27196 8.19201 2286.91
0 616 27245 8.18999 2286.08
0 617 27294 8.18796 2285.25
0 618 27343 8.18595 2284.42
0 619 27392 8.18395 2283.6
0 620 27441 8.18195 2282.77
0 621 27490 8.17996 2281.96
0 622 27539 8.17797 2281.15
0 623 27588 8.17599 2280.34
0 624 27637 8.17402 2279.54
0 625 27688 8.17206 2278.74
0 626 27736 8.1701 2277.94
0 627 27784 8.16816 2277.14
0 628 27833 8.16621 2276.35
0 629 27877 8.16428 2275.56
0 630 27920 8.16235 2274.77
0 631 27963 8.16043 2273.99
0 632 28006 8.15851 2273.21
0 633 28047 8.1566 2272.44
0 634 28088 8.1547 2271.66
0 635 28129 8.15281 2270.89
0 636 28170 8.15092 2270.12
0 637 28211 8.14904 2269.35
0 638 28254 8.14716 2268.59
0 639 28297 8.14529 2267.83
0 640 28340 8.14343 2267.07
0 641 28383 8.14157 2266.32
0 642 28426 8.13972 2265.57
0 643 28469 8.13788 2264.82
0 644 28512 8.13604 2264.08
0 645 28556 8.13421 2263.34
0 646 28599 8.13238 2262.6
0 647 28642 8.13056 2261.86
0 648 28685 8.12875 2261.13
0 649 28728 8.12695 2260.39
0 650 28772 8.12514 2259.67
0 651 28816 8.12335 2258.95
0 652 28860 8.12156 2258.23
0 653 28904 8.11978 2257.51
0 654 28948 8.118 2256.79
0 655 28992 8.11623 2256.08
0 656 29036 8.11447 2255.37
0 657 29080 8.11271 2254.66
0 658 29124 8.11095 2253.95
0 659 29168 8.10921 2253.25
0 660 29211 8.10746 2252.54
0 661 29254 8.10573 2251.84
0 662 29296 8.104 2251.15
0 663 29339 8.10227 2250.45
0 664 29383 8.10055 2249.76
0 665 29426 8.09884 2249.08
0 666 29467 8.09713 2248.39
0 667 29510 8.09543 2247.71
0 668 29554 8.09373 2247.03
0 669 29598 8.09204 2246.35
0 670 29642 8.09035 2245.68
0 671 29687 8.08867 2245
0 672 29731 8.08699 2244.34
0 673 29775 8.08532 2243.67
0 674 29819 8.08366 2243
0 675 29863 8.082 2242.34
0 676 29909 8.08034 2241.68
0 677 29953 8.07869 2241.02
0 678 29997 8.07705 2240.36
0 679 30041 8.07541 2239.7
0 680 30085 8.07377 2239.05
0 681 30131 8.07214 2238.4
0 682 30176 8.07052 2237.75
0 683 30220 8.0689 2237.11
0 684 30292 8.06728 2236.47
0 685 30337 8.06568 2235.83
0 686 30384 8.06407 2235.19
0 687 30431 8.06247 2234.55
0 688 30474 8.06088 2233.92
0 689 30551 8.05929 2233.28
0 690 30601 8.0577 2232.66
0 691 30651 8.05612 2232.02
0 692 30701 8.05455 2231.4
0 693 30751 8.05298 2230.78
0 694 30801 8.05141 2230.16
0 695 30850 8.04985 2229.54
0 696 30903 8.04829 2228.93
0 697 30957 8.04674 2228.31
0 698 31010 8.04519 2227.7
0 699 31063 8.04365 2227.09
0 700 31117 8.04211 2226.48
0 701 31171 8.04058 2225.87
0 702 31223 8.03905 2225.27
0 703 31275 8.03752 2224.67
0 704 31327 8.036 2224.07
0 705 31378 8.03449 2223.47
0 706 31429 8.03298 2222.87
0 707 31478 8.03147 2222.28
0 708 31527 8.02997 2221.68
0 709 31576 8.02847 2221.1
0 710 31623 8.02697 2220.51
0 711 31670 8.02549 2219.92
0 712 31719 8.024 2219.34
0 713 31766 8.02252 2218.75
0 714 31814 8.02104 2218.18
0 715 31862 8.01957 2217.6
0 716 31909 8.0181 2217.02
0 717 31956 8.01664 2216.45
0 718 32005 8.01518 2215.88
0 719 32053 8.01372 2215.3
0 720 32101 8.01227 2214.73
0 721 32149 8.01082 2214.17
0 722 32197 8.00938 2213.6
0 723 32245 8.00794 2213.04
0 724 32290 8.0065 2212.47
0 725 32333 8.00507 2211.91
0 726 32410 8.00364 2211.35
0 727 32474 8.00222 2210.79
0 728 32539 8.0008 2210.24
0 729 32599 7.99939 2209.68
0 730 32650 7.99797 2209.13
0 731 32701 7.99657 2208.58
0 732 32752 7.99516 2208.03
0 733 32803 7.99376 2207.49
0 734 32853 7.99237 2206.94
0 735 32901 7.99097 2206.4
0 736 32949 7.98958 2205.86
0 737 32998 7.9882 2205.32
0 738 33045 7.98682 2204.78
0 739 33093 7.98544 2204.24
0 740 33140 7.98407 2203.71
0 741 33187 7.9827 2203.17
0 742 33237 7.98133 2202.64
0 743 33286 7.97997 2202.11
0 744 33333 7.97861 2201.58
0 745 33381 7.97725 2201.05
0 746 33429 7.9759 2200.53
0 747 33476 7.97455 2200.01
0 748 33523 7.97321 2199.49
0 749 33570 7.97187 2198.97
0 750 33617 7.97053 2198.45
0 751 33665 7.96919 2197.94
0 752 33713 7.96786 2197.42
0 753 33776 7.96654 2196.9
0 754 33836 7.96521 2196.39
0 755 33896 7.96389 2195.88
0 756 33957 7.96258 2195.37
0 757 34011 7.96126 2194.86
0 758 34054 7.95995 2194.35
0 759 34097 7.95865 2193.85
0 760 34141 7.95734 2193.35
0 761 34184 7.95604 2192.84
0 762 34227 7.95475 2192.34
0 763 34270 7.95345 2191.85
0 764 34313 7.95216 2191.35
0 765 34355 7.95088 2190.85
0 766 34397 7.9496 2190.35
0 767 34439 7.94832 2189.85
0 768 34481 7.94704 2189.36
0 769 34523 7.94576 2188.87
0 770 34566 7.94449 2188.38
0 771 34608 7.94323 2187.89
0 772 34650 7.94196 2187.4
0 773 34692 7.9407 2186.92
0 774 34734 7.93945 2186.44
0 775 34776 7.93819 2185.96
0 776 34818 7.93694 2185.48
0 777 34860 7.93569 2185
0 778 34902 7.93445 2184.52
0 779 34944 7.9332 2184.04
0 780 34986 7.93197 2183.57
0 781 35028 7.93073 2183.1
0 782 35071 7.9295 2182.62
0 783 35114 7.92827 2182.15
0 784 35156 7.92704 2181.68
0 785 35198 7.92582 2181.21
0 786 35240 7.9246 2180.74
0 787 35283 7.92338 2180.28
0 788 35327 7.92216 2179.81
0 789 35371 7.92095 2179.35
0 790 35415 7.91974 2178.88
0 791 35459 7.91854 2178.42
0 792 35503 7.91733 2177.96
0 793 35573 7.91613 2177.5
0 794 35640 7.91494 2177.05
0 795 35707 7.91374 2176.59
0 796 35774 7.91255 2176.14
0 797 35838 7.91136 2175.68
0 798 35886 7.91017 2175.23
0 799 35934 7.90899 2174.78
0 800 35981 7.90781 2174.33