7 0 0 135.373 10692.3
7 1 406 57.0045 5205.35
7 2 841 45.764 4118.85
7 3 1254 40.4097 3604.37
7 4 1664 37.1635 3299.38
7 5 2075 34.7793 3077.02
7 6 2478 33.1922 2932.19
7 7 2867 32.0116 2824.95
7 8 3248 31.3467 2767.19
7 9 3607 30.5947 2700.35
7 10 3966 29.9779 2644.85
7 11 4347 29.3663 2587.88
7 12 4727 29.0217 2557.26
7 13 5086 28.7964 2541.57
7 14 5448 28.5595 2523.98
7 15 5810 28.2282 2493.38
7 16 6173 28.0242 2475.39
7 17 6532 27.8674 2463.47
7 18 6890 27.7521 2454.2
7 19 7252 27.5628 2436.3
7 20 7614 27.4869 2431.33
7 21 7976 27.3916 2423.56
7 22 8341 27.2075 2407.53
7 23 8700 27.06 2395.1
7 24 9061 26.7819 2366.32
7 25 9422 26.6785 2357.28
7 26 9785 26.5863 2350.01
7 27 10164 26.4593 2337.99
7 28 10552 26.4287 2336.49
7 29 10951 26.388 2333.42
7 30 11348 26.2568 2321.04
7 31 11762 26.0623 2302.27
7 32 12173 26.0611 2304.09
7 33 12586 26.008 2300.94
7 34 13029 25.9451 2295.3
7 35 13445 25.9046 2291.02
7 36 13864 25.7827 2279.68
7 37 14274 25.7546 2278.24
7 38 14671 25.6758 2270.08
7 39 15072 25.5751 2259.69
7 40 15480 25.5533 2259.63
7 41 15891 25.4662 2251.04
7 42 16293 25.4137 2246.38
7 43 16705 25.3685 2242.79
7 44 17119 25.2788 2233.77
7 45 17532 25.28 2234.33
7 46 17937 25.252 2233.06
7 47 18345 25.1639 2224.01
7 48 18755 25.1812 2227.87
7 49 19185 25.1081 2220.05
7 50 19598 25.0383 2213.75
7 51 20010 24.995 2210.19
7 52 20424 24.9677 2208.05
7 53 20836 24.8865 2200.52
7 54 21265 24.8668 2198.56
7 55 21676 24.8441 2197.91
7 56 22094 24.7689 2191.32
7 57 22511 24.7285 2188.54
7 58 22927 24.6577 2182.23
7 59 23335 24.6522 2182.86
7 60 23744 24.6646 2186.76
7 61 24138 24.6791 2189.44
7 62 24534 24.6126 2182.77
7 63 24950 24.55 2176.95
7 64 25353 24.4957 2171.82
7 65 25765 24.447 2167.18
7 66 26163 24.4337 2165.95
7 67 26577 24.4124 2164.64
7 68 26984 24.3684 2160.44
7 69 27416 24.3668 2160.12
7 70 27839 24.3302 2156.22
7 71 28257 24.2889 2152.5
7 72 28663 24.2545 2149.21
7 73 29074 24.2013 2143.95
7 74 29502 24.1422 2139.02
7 75 29919 24.1768 2143.72
7 76 30341 24.1963 2146.9
7 77 30765 24.144 2142.02
7 78 31189 24.1582 2144.02
7 79 31594 24.1208 2140.91
7 80 31992 24.1127 2140.35
7 81 32388 24.0923 2139.44
7 82 32783 24.0963 2141.89
7 83 33179 24.1038 2143.11
7 84 33623 24.0248 2135.53
7 85 34069 24.0083 2134.51
7 86 34511 24.0328 2137.71
7 87 34951 24.0524 2141.12