2 0 0 135.373 10692.3
2 1 316 90.7703 7449.64
2 2 633 70.2301 5929.56
2 3 954 59.5014 5085.95
2 4 1282 52.6997 4515.47
2 5 1617 47.9537 4093.93
2 6 1935 44.4423 3779.61
2 7 2252 41.72 3534.87
2 8 2567 39.4987 3333.23
2 9 2881 37.7295 3173.76
2 10 3195 36.1796 3032.7
2 11 3494 34.9223 2921.79
2 12 3784 33.8749 2828.54
2 13 4098 33.0097 2754.22
2 14 4410 32.239 2687.43
2 15 4729 31.6134 2635.6
2 16 5047 31.0448 2589.01
2 17 5364 30.4998 2542.12
2 18 5683 30.0429 2504.49
2 19 6015 29.6191 2468.34
2 20 6334 29.2394 2436.69
2 21 6652 28.8927 2407.9
2 22 6963 28.5644 2380.34
2 23 7281 28.2754 2357.41
2 24 7601 27.9943 2334.12
2 25 7919 27.7272 2311.07
2 26 8238 27.4943 2292.18
2 27 8554 27.2659 2272.44
2 28 8868 27.0703 2257.43
2 29 9191 26.8916 2243.94
2 30 9506 26.7095 2229.24
2 31 9817 26.5398 2216.14
2 32 10131 26.3653 2200.92
2 33 10445 26.2051 2187.84
2 34 10762 26.0426 2173.44
2 35 11080 25.9131 2164.28
2 36 11401 25.7691 2152.42
2 37 11738 25.6312 2141.24
2 38 12071 25.5233 2133.24
2 39 12388 25.4145 2125.32
2 40 12705 25.2815 2113.36
2 41 13021 25.1547 2101.8
2 42 13335 25.0617 2094.9
2 43 13659 24.9668 2087.71
2 44 13978 24.8859 2082.43
2 45 14294 24.7789 2073.18
2 46 14612 24.6771 2064.34
2 47 14934 24.5936 2057.9
2 48 15256 24.506 2051.34
2 49 15575 24.4234 2044.88
2 50 15894 24.3416 2037.95
2 51 16207 24.2574 2030.91
2 52 16517 24.1961 2027.31
2 53 16834 24.1286 2021.91
2 54 17146 24.0613 2016.69
2 55 17466 23.9719 2007.76
2 56 17801 23.9058 2002.63
2 57 18117 23.8468 1998.52
2 58 18435 23.7986 1995.79
2 59 18753 23.7443 1992.01
2 60 19072 23.6839 1986.99
2 61 19383 23.6342 1983.44
2 62 19701 23.5753 1978.5
2 63 20013 23.5222 1974.1
2 64 20325 23.4808 1971.63
2 65 20647 23.409 1964.3
2 66 20962 23.3529 1958.98
2 67 21281 23.3023 1954.92
2 68 21594 23.2576 1951.27
2 69 21912 23.2021 1946.17
2 70 22227 23.1479 1941.44
2 71 22538 23.1023 1937.85
2 72 22851 23.0734 1936.69
2 73 23171 23.0321 1933.85
2 74 23492 23.0017 1931.97
2 75 23814 22.9578 1928.37
2 76 24136 22.9177 1925.28
2 77 24450 22.8799 1922.7
2 78 24767 22.841 1919.75
2 79 25088 22.7869 1914.76
2 80 25409 22.7501 1911.61
2 81 25725 22.7104 1908.11
2 82 26040 22.6658 1903.55
2 83 26360 22.6481 1903.74
2 84 26675 22.6053 1900.18
2 85 26994 22.5644 1895.87
2 86 27312 22.5454 1896.05
2 87 27633 22.5221 1895
2 88 27949 22.4913 1892.74
2 89 28271 22.4582 1890.35
2 90 28589 22.4286 1888.44
2 91 28911 22.4111 1887.93
2 92 29236 22.3804 1885.62
2 93 29557 22.3468 1882.85
2 94 29876 22.3227 1881.21
2 95 30194 22.2958 1878.95
2 96 30514 22.2678 1876.93
2 97 30836 22.2472 1875.95
2 98 31151 22.2273 1875.05
2 99 31501 22.1995 1873.08
2 100 31825 22.1663 1869.97
3 0 0 135.373 10692.3
3 1 327 76.4904 6432.35
3 2 644 59.607 5170.02
3 3 968 51.6889 4501.12
3 4 1277 46.5013 4034.61
3 5 1588 42.6951 3681.9
3 6 1900 39.9327 3423.12
3 7 2210 37.7813 3224.57
3 8 2521 36.0061 3060.23
3 9 2831 34.6527 2937.67
3 10 3143 33.4761 2831.06
3 11 3453 32.5173 2744.46
3 12 3764 31.7425 2677.16
3 13 4074 31.0901 2621.57
3 14 4386 30.4835 2567.29
3 15 4695 29.9313 2517.34
3 16 5005 29.4619 2475.16
3 17 5316 29.0632 2441.78
3 18 5625 28.685 2409.5
3 19 5935 28.3494 2381.2
3 20 6252 28.0517 2355.79
3 21 6564 27.7171 2325.14
3 22 6875 27.4999 2308.67
3 23 7187 27.2349 2284.36
3 24 7498 26.9941 2263.01
3 25 7810 26.7967 2247.18
3 26 8122 26.5829 2228.15
3 27 8432 26.4109 2213.01
3 28 8743 26.2504 2199.6
3 29 9054 26.0602 2181.66
3 30 9363 25.8938 2166.33
3 31 9673 25.7466 2152.83
3 32 9982 25.6095 2141.54
3 33 10291 25.4959 2132.98
3 34 10602 25.3852 2124.78
3 35 10913 25.2776 2116.72
3 36 11223 25.1768 2109.22
3 37 11532 25.065 2100.28
3 38 11834 24.9503 2090.21
3 39 12143 24.8398 2080.61
3 40 12451 24.7554 2074.29
3 41 12760 24.6643 2067.03
3 42 13069 24.5352 2053.62
3 43 13378 24.4627 2048.42
3 44 13690 24.3469 2037.04
3 45 13997 24.2803 2032.1
3 46 14304 24.1899 2024.35
3 47 14613 24.1306 2020.87
3 48 14922 24.0517 2014.41
3 49 15232 23.9676 2007.07
3 50 15541 23.9188 2004.54
3 51 15851 23.8377 1997.55
3 52 16161 23.7729 1992.79
3 53 16472 23.7013 1986.78
3 54 16782 23.6317 1980.97
3 55 17091 23.5776 1976.93
3 56 17403 23.535 1974.74
3 57 17715 23.4667 1968.73
3 58 18024 23.4221 1965.45
3 59 18334 23.3787 1962.9
3 60 18644 23.3442 1961.59
3 61 18956 23.3064 1959.23
3 62 19268 23.2482 1954.23
3 63 19578 23.1988 1951
3 64 19889 23.1368 1944.87
3 65 20198 23.0937 1941.22
3 66 20508 23.0363 1936.17
3 67 20817 22.9992 1933.71
3 68 21128 22.9557 1930.03
3 69 21443 22.9359 1930.35
3 70 21752 22.8846 1925.87
3 71 22061 22.8419 1922.79
3 72 22372 22.8267 1922.89
3 73 22681 22.7951 1921.29
3 74 22990 22.7679 1919.65
3 75 23298 22.7172 1914.7
3 76 23609 22.6933 1913.29
3 77 23919 22.6527 1909.24
3 78 24231 22.6011 1904.34
3 79 24544 22.5785 1903.31
3 80 24856 22.5256 1898.13
3 81 25167 22.4977 1896.01
3 82 25477 22.4729 1893.95
3 83 25788 22.4447 1892.07
3 84 26098 22.4225 1890.86
3 85 26406 22.3902 1888.31
3 86 26716 22.3405 1883.21
3 87 27026 22.3171 1881.68
3 88 27334 22.3056 1882.18
3 89 27642 22.2846 1880.98
3 90 27950 22.2513 1878.06
3 91 28259 22.22 1875.35
3 92 28569 22.1999 1874.11
3 93 28880 22.1544 1869.13
3 94 29192 22.1592 1871.47
3 95 29501 22.1353 1870.14
3 96 29810 22.1144 1868.92
3 97 30119 22.0959 1867.88
3 98 30428 22.0695 1865.57
3 99 30737 22.0425 1863.22
3 100 31045 22.0201 1861.93
4 0 0 135.373 10692.3
4 1 311 69.8747 6043.94
4 2 621 57.3723 5109.52
4 3 932 50.7103 4508.05
4 4 1243 45.8623 4047.11
4 5 1554 42.3132 3707.34
4 6 1867 39.3808 3427.14
4 7 2180 37.128 3214.63
4 8 2493 35.3912 3052.92
4 9 2804 33.9615 2922.44
4 10 3115 32.7758 2815.34
4 11 3426 32.0114 2752.98
4 12 3736 31.2373 2685.59
4 13 4046 30.5515 2626.68
4 14 4355 30.0048 2581.61
4 15 4665 29.5284 2541.61
4 16 4976 29.0944 2504.76
4 17 5286 28.7536 2476.99
4 18 5597 28.3996 2446.79
4 19 5907 28.0836 2420.97
4 20 6217 27.8206 2399.11
4 21 6526 27.5955 2381.09
4 22 6836 27.3177 2356.92
4 23 7148 27.1489 2345.23
4 24 7459 26.9266 2326.67
4 25 7770 26.7457 2312.33
4 26 8081 26.5458 2294.21
4 27 8393 26.4239 2285.84
4 28 8703 26.2636 2273.09
4 29 9012 26.11 2260.28
4 30 9321 25.9227 2243.73
4 31 9630 25.7512 2227.78
4 32 9940 25.6632 2222.13
4 33 10249 25.5463 2212.84
4 34 10558 25.4172 2201.64
4 35 10867 25.3188 2194.28
4 36 11176 25.1705 2180.1
4 37 11485 25.1296 2178.55
4 38 11793 24.997 2166.24
4 39 12105 24.8879 2156.16
4 40 12415 24.749 2141.8
4 41 12727 24.6405 2131.63
4 42 13039 24.5717 2126.31
4 43 13349 24.5055 2121.17
4 44 13660 24.4439 2116.31
4 45 13970 24.3767 2111.2
4 46 14281 24.3243 2107.77
4 47 14592 24.2567 2102.32
4 48 14902 24.2139 2099.75
4 49 15212 24.1071 2089
4 50 15523 24.0195 2080.69
4 51 15836 23.9718 2077.26
4 52 16148 23.9196 2073.31
4 53 16460 23.8431 2066.29
4 54 16772 23.7744 2060.61
4 55 17084 23.7092 2054.89
4 56 17394 23.6507 2049.54
4 57 17705 23.6143 2047.28
4 58 18014 23.5542 2042.01
4 59 18324 23.4902 2035.87
4 60 18634 23.4492 2032.85
4 61 18946 23.424 2031.61
4 62 19258 23.3804 2028.7
4 63 19570 23.331 2024.63
4 64 19879 23.2964 2022.02
4 65 20175 23.2526 2018.33
4 66 20485 23.2137 2015.49
4 67 20795 23.1787 2012.73
4 68 21104 23.1226 2007.36
4 69 21413 23.0626 2001.48
4 70 21724 23.0382 1999.74
4 71 22034 23.0048 1997.14
4 72 22344 22.9549 1992.14
4 73 22655 22.9514 1992.86
4 74 22966 22.9161 1989.18
4 75 23276 22.8758 1985.06
4 76 23586 22.8802 1986.69
4 77 23896 22.8374 1983.05
4 78 24207 22.7914 1978.71
4 79 24518 22.7601 1976.11
4 80 24830 22.7265 1973.44
4 81 25142 22.7211 1973.79
4 82 25453 22.6865 1971.08
4 83 25792 22.6254 1964
4 84 26114 22.6183 1964.44
4 85 26427 22.598 1963.3
4 86 26737 22.5723 1961.02
4 87 27048 22.5753 1962.45
4 88 27357 22.511 1956.24
4 89 27666 22.4995 1955.81
4 90 27977 22.4715 1952.84
4 91 28288 22.4139 1946.38
4 92 28599 22.3685 1941.79
4 93 28910 22.346 1940.19
4 94 29221 22.3246 1938.43
4 95 29532 22.2966 1936.28
4 96 29843 22.2949 1937.67
4 97 30154 22.2577 1933.9
4 98 30463 22.2287 1931.8
4 99 30773 22.2114 1930.5
4 100 31081 22.1954 1930.35
5 0 0 135.373 10692.3
5 1 315 65.6014 5857.1
5 2 629 55.9396 5052.53
5 3 944 48.7113 4369.62
5 4 1255 43.6904 3880.9
5 5 1567 39.7387 3500.87
5 6 1880 37.4746 3283.23
5 7 2195 35.7412 3116.28
5 8 2507 34.4537 2993.61
5 9 2817 33.2391 2879.95
5 10 3127 32.3203 2795.51
5 11 3438 31.6191 2733.23
5 12 3749 30.8394 2661.65
5 13 4059 30.3699 2621.48
5 14 4369 29.8995 2580.19
5 15 4683 29.536 2549.06
5 16 4996 29.084 2508.79
5 17 5306 28.6914 2473.64
5 18 5617 28.2756 2434.96
5 19 5929 28.004 2412.56
5 20 6240 27.7256 2388.53
5 21 6550 27.531 2373.78
5 22 6861 27.26 2350
5 23 7173 27.0084 2327.72
5 24 7485 26.8272 2314.03
5 25 7798 26.6299 2297.28
5 26 8104 26.4749 2283.88
5 27 8416 26.343 2273.25
5 28 8729 26.1913 2260.19
5 29 9041 26.0718 2251.88
5 30 9354 25.9224 2238.71
5 31 9669 25.8235 2231.04
5 32 9984 25.7217 2223.08
5 33 10298 25.5875 2210.66
5 34 10609 25.5219 2205.8
5 35 10922 25.4111 2196.79
5 36 11233 25.2685 2183.09
5 37 11545 25.1835 2175.87
5 38 11857 25.1617 2175.9
5 39 12169 25.061 2167.19
5 40 12478 24.9687 2159.45
5 41 12790 24.8224 2145.03
5 42 13100 24.7393 2138.02
5 43 13413 24.6592 2132.39
5 44 13724 24.6197 2130.02
5 45 14034 24.5655 2126.31
5 46 14345 24.4313 2113.97
5 47 14657 24.4612 2119.33
5 48 14969 24.4104 2115.67
5 49 15282 24.2934 2103.69
5 50 15595 24.1615 2090.32
5 51 15908 24.1588 2091.92
5 52 16222 24.1477 2093.01
5 53 16534 24.1121 2090.88
5 54 16846 24.0136 2082.18
5 55 17159 23.9924 2081.94
5 56 17472 23.9449 2077.65
5 57 17787 23.9234 2076.85
5 58 18097 23.8404 2069.82
5 59 18408 23.8127 2068.81
5 60 18717 23.7547 2064.35
5 61 19027 23.6503 2054.29
5 62 19338 23.6086 2051.39
5 63 19649 23.5878 2050.52
5 64 19960 23.5556 2047.93
5 65 20273 23.5491 2049.18
5 66 20585 23.5087 2046.16
5 67 20896 23.4769 2044.38
5 68 21208 23.4514 2042.64
5 69 21518 23.391 2036.63
5 70 21829 23.3645 2035.42
5 71 22141 23.322 2032.13
5 72 22452 23.3146 2032.48
5 73 22765 23.2535 2026.76
5 74 23078 23.2747 2030.43
5 75 23389 23.2105 2024.98
5 76 23699 23.2158 2026.41
5 77 24010 23.1758 2023.32
5 78 24322 23.1281 2019.78
5 79 24635 23.0931 2016.18
5 80 24949 23.0764 2015.33
5 81 25263 22.9928 2006.86
5 82 25577 22.9492 2003.04
5 83 25892 22.9185 2000.5
5 84 26206 22.8869 1997.54
5 85 26518 22.8965 1999.55
5 86 26833 22.8806 1998.64
5 87 27148 22.8729 1998.45
5 88 27462 22.8708 1999.55
5 89 27776 22.8462 1997.84
5 90 28090 22.7939 1992.82
5 91 28404 22.7936 1994.21
5 92 28649 22.8017 1996.02
5 93 28894 22.7381 1989.58
5 94 29316 22.7026 1986.33
5 95 29819 22.6815 1984.31
5 96 30111 22.6672 1983.54
5 97 30368 22.6203 1979.07
5 98 30624 22.5997 1977.73
5 99 30880 22.548 1972.68
5 100 31136 22.5234 1971.45
6 0 0 135.373 10692.3
6 1 255 64.8701 5929.74
6 2 511 53.4946 4894.97
6 3 767 46.1477 4182.06
6 4 1022 41.4326 3721.57
6 5 1280 38.2352 3413.38
6 6 1534 35.8466 3186.59
6 7 1788 33.9196 3005.58
6 8 2042 32.8022 2902.57
6 9 2295 31.6145 2792.76
6 10 2549 30.7012 2708.05
6 11 2803 30.0519 2648.94
6 12 3056 29.3066 2580.03
6 13 3309 28.7644 2529.64
6 14 3562 28.3701 2495.03
6 15 3815 28.0882 2469.7
6 16 4067 27.79 2443.07
6 17 4319 27.3728 2405.39
6 18 4738 27.1986 2393.4
6 19 5150 26.9788 2375.15
6 20 5530 26.7091 2351.06
6 21 5909 26.5967 2343.8
6 22 6289 26.4169 2329.86
6 23 6670 26.1936 2309.15
6 24 7037 26.0001 2293.06
6 25 7291 25.9099 2287.62
6 26 7546 25.8247 2283.81
6 27 7801 25.6394 2267.58
6 28 8056 25.4984 2256.52
6 29 8315 25.3443 2241.44
6 30 8570 25.341 2244.94
6 31 8827 25.2214 2235.87
6 32 9082 25.0591 2221.73
6 33 9337 24.9358 2210.74
6 34 9592 24.8093 2199.57
6 35 9847 24.7757 2199.57
6 36 10102 24.7157 2196.29
6 37 10493 24.6157 2188.27
6 38 10828 24.5304 2181.15
6 39 11068 24.489 2179.59
6 40 11326 24.4473 2178.85
6 41 11561 24.3089 2166.33
6 42 11796 24.2171 2157.91
6 43 12043 24.2213 2160.2
6 44 12307 24.225 2163.66
6 45 12621 24.1273 2155.33
6 46 12933 24.0519 2149.44
6 47 13246 23.9752 2142.85
6 48 13559 23.8912 2135.78
6 49 13873 23.8356 2132.6
6 50 14190 23.7783 2127.79
6 51 14507 23.7201 2121.95
6 52 14823 23.6654 2117.17
6 53 15139 23.6372 2115.28
6 54 15455 23.5876 2111.52
6 55 15768 23.595 2115.4
6 56 16081 23.5742 2113.99
6 57 16395 23.5315 2109.43
6 58 16708 23.522 2109.15
6 59 17021 23.4557 2102.85
6 60 17334 23.4268 2100.47
6 61 17647 23.4234 2102.1
6 62 17961 23.4109 2101.47
6 63 18274 23.3617 2096.19
6 64 18589 23.2711 2088.81
6 65 18905 23.2362 2086.84
6 66 19222 23.2517 2090.09
6 67 19537 23.2121 2086.69
6 68 19851 23.1952 2085.94
6 69 20167 23.171 2084.11
6 70 20483 23.1781 2087.81
6 71 20798 23.188 2090.87
6 72 21112 23.2477 2098.51
6 73 21424 23.1938 2092.91
6 74 21736 23.1585 2090.44
6 75 22057 23.0986 2083.86
6 76 22374 23.0649 2080.46
6 77 22690 23.0393 2078.84
6 78 23006 23.0259 2078.42
6 79 23325 22.9532 2071.06
6 80 23644 22.8989 2064.97
6 81 23963 22.9427 2070.62
6 82 24279 22.9159 2068.37
6 83 24596 22.8587 2062.55
6 84 24914 22.8062 2056.71
6 85 25231 22.8489 2061.68
6 86 25550 22.8652 2063.58
6 87 25867 22.8111 2056.59
6 88 26188 22.7885 2054.78
6 89 26501 22.7816 2055.6
6 90 26822 22.723 2050.71
6 91 27142 22.7584 2055.29
6 92 27459 22.7832 2058.29
6 93 27777 22.7373 2055.67
6 94 28095 22.7202 2055.32
6 95 28412 22.6745 2050.99
6 96 28730 22.6721 2051.02
6 97 29045 22.6897 2055.32
6 98 29364 22.6297 2049.39
6 99 29680 22.658 2052.91
6 100 29995 22.7084 2058.65
7 0 0 135.373 10692.3
7 1 314 63.2344 5802.67
7 2 629 50.8122 4619.8
7 3 943 43.7051 3914.98
7 4 1243 39.2688 3479.93
7 5 1537 36.2371 3195.05
7 6 1852 34.4786 3029.91
7 7 2168 33.0301 2892.23
7 8 2483 31.7111 2766.42
7 9 2798 30.7342 2676.09
7 10 3112 29.7333 2584.52
7 11 3427 29.0607 2522.98
7 12 3741 28.7025 2495.15
7 13 4053 28.3351 2463.33
7 14 4366 27.8387 2420.54
7 15 4679 27.6711 2409.05
7 16 4993 27.2893 2374.45
7 17 5306 26.9627 2345.99
7 18 5619 26.7248 2324.95
7 19 5930 26.5048 2307
7 20 6242 26.4285 2302.92
7 21 6555 26.1929 2282.68
7 22 6867 26.1885 2284.06
7 23 7182 26.0208 2269.92
7 24 7497 25.7202 2240.25
7 25 7810 25.5516 2224.72
7 26 8125 25.4405 2215.11
7 27 8436 25.2084 2192.99
7 28 8749 25.247 2199.91
7 29 9063 25.0053 2175.68
7 30 9375 24.8835 2165.15
7 31 9690 24.9016 2168.87
7 32 10001 24.772 2155.87
7 33 10313 24.6591 2145.83
7 34 10626 24.581 2138.15
7 35 10939 24.4578 2128.16
7 36 11251 24.3068 2112.1
7 37 11562 24.2931 2112.03
7 38 11873 24.2284 2107.73
7 39 12185 24.2109 2106.89
7 40 12500 24.1208 2098.45
7 41 12813 24.0629 2093.91
7 42 13125 24.0286 2090.66
7 43 13439 23.881 2074.47
7 44 13753 23.8914 2075.94
7 45 14064 23.89 2077.58
7 46 14376 23.7869 2067.92
7 47 14688 23.8456 2077.81
7 48 15000 23.7741 2071.52
7 49 15315 23.7274 2066.76
7 50 15628 23.775 2072.89
7 51 15941 23.7396 2071.27
7 52 16255 23.7037 2069.06
7 53 16570 23.5801 2055.91
7 54 16880 23.5015 2048.61
7 55 17192 23.5017 2049.27
7 56 17504 23.536 2054.86
7 57 17817 23.5214 2055.15
7 58 18131 23.4763 2051.77
7 59 18445 23.4923 2055.5
7 60 18758 23.4266 2047.91
7 61 19070 23.263 2030.84
7 62 19385 23.2052 2025.25
7 63 19699 23.1291 2015.2
7 64 20011 23.1263 2014.6
7 65 20325 23.1335 2014.91
7 66 20637 23.1853 2019.63
7 67 20950 23.1391 2015.08
7 68 21261 23.1399 2015.24
7 69 21573 23.1126 2015.09
7 70 21885 23.0814 2012.45
7 71 22195 23.0406 2007.47
7 72 22506 22.9984 2003.33
7 73 22816 22.9601 1999.07
7 74 23117 22.9093 1993.44
7 75 23434 22.9022 1994.24
7 76 23747 22.9481 1999.23
7 77 24059 22.9858 2003.63
7 78 24373 22.9491 1998.65
7 79 24687 22.8988 1993.59
7 80 24999 22.8333 1987.07
7 81 25310 22.849 1988.15
7 82 25622 22.8445 1988.7
7 83 25933 22.8382 1988.18
7 84 26245 22.8567 1991.4
7 85 26557 22.8284 1988.48
7 86 26869 22.8883 1996.18
7 87 27182 22.8446 1989.91
7 88 27496 22.8355 1990.17
7 89 27808 22.7904 1984.23
7 90 28119 22.7549 1979.95
7 91 28432 22.8013 1986.68
7 92 28743 22.7424 1980.16
7 93 29056 22.6897 1973.81
7 94 29368 22.6646 1973.48
7 95 29681 22.6772 1975.98
7 96 29994 22.6024 1970.41
7 97 30310 22.5851 1970.19
7 98 30625 22.6251 1975.9
7 99 30940 22.6208 1977.65
7 100 31255 22.5364 1968.31
8 0 0 135.373 10692.3
8 1 320 55.9569 5168.74
8 2 640 45.009 4135.78
8 3 959 39.2028 3588.73
8 4 1278 35.7594 3257.53
8 5 1597 33.4637 3027.55
8 6 1917 31.6334 2845.97
8 7 2242 30.0018 2681.52
8 8 2564 29.1428 2603.12
8 9 2883 28.6138 2559.78
8 10 3202 28.2526 2524.97
8 11 3520 27.5792 2457.65
8 12 3841 27.469 2451.08
8 13 4161 27.0141 2410.05
8 14 4478 26.8325 2394.01
8 15 4799 26.6151 2371.45
8 16 5120 26.5313 2366.98
8 17 5438 26.3521 2349.45
8 18 5760 25.9855 2313.46
8 19 6081 25.7535 2290.68
8 20 6399 25.6435 2280.38
8 21 6719 25.5388 2269.43
8 22 7039 25.3523 2251.31
8 23 7359 25.2485 2242.7
8 24 7680 25.0891 2226.83
8 25 8001 25.1169 2231.28
8 26 8319 24.9671 2217.6
8 27 8624 25.0083 2225.34
8 28 8945 24.6999 2193.28
8 29 9263 24.6048 2181.88
8 30 9578 24.5251 2172.63
8 31 9898 24.5338 2173.61
8 32 10219 24.5789 2177.2
8 33 10540 24.4722 2166.02
8 34 10860 24.3982 2157.06
8 35 11182 24.4547 2162.03
8 36 11503 24.4706 2164.5
8 37 11824 24.4939 2167.45
8 38 12141 24.341 2154.58
8 39 12461 24.4195 2164.11
8 40 12781 24.2913 2152.93
8 41 13100 24.1612 2140.1
8 42 13419 24.1855 2144.42
8 43 13739 24.1494 2141.66
8 44 14058 24.107 2140.3
8 45 14378 24.0788 2138.41
8 46 14697 24.124 2144.32
8 47 15017 24.0793 2139.64
8 48 15336 23.979 2130.62
8 49 15654 23.8996 2123.76
8 50 15974 23.8414 2120.34
8 51 16292 23.8833 2124.19
8 52 16612 23.8501 2120.95
8 53 16930 23.7999 2117.2
8 54 17247 23.8332 2122.1
8 55 17565 23.8864 2127.9
8 56 17884 23.7509 2113.81
8 57 18203 23.7938 2117.3
8 58 18521 23.9464 2134.18
8 59 18838 23.8943 2130.05
8 60 19156 23.729 2112.59
8 61 19476 23.7461 2115.18
8 62 19794 23.7169 2111.12
8 63 20110 23.6934 2108.33
8 64 20428 23.5934 2097.14
8 65 20747 23.6181 2101.1
8 66 21066 23.6442 2103.04
8 67 21386 23.4694 2084.75
8 68 21706 23.5156 2089.57
8 69 22026 23.5739 2096.83
8 70 22345 23.5271 2091.73
8 71 22667 23.4619 2086.7
8 72 22986 23.4425 2086.56
8 73 23306 23.4141 2083.85
8 74 23625 23.3685 2078.53
8 75 23943 23.4221 2084.8
8 76 24261 23.3435 2076.37
8 77 24578 23.4064 2081.84
8 78 24895 23.3231 2073.75
8 79 25212 23.3153 2074.74
8 80 25530 23.3313 2076.92
8 81 25845 23.4544 2091.41
8 82 26162 23.3532 2078.7
8 83 26479 23.3385 2079.29
8 84 26797 23.2573 2071.88
8 85 27114 23.468 2094.51
8 86 27435 23.4306 2091.08
8 87 27753 23.3264 2080.11
8 88 28070 23.2924 2077.97
8 89 28387 23.2615 2074.24
8 90 28704 23.3047 2079.81
8 91 29020 23.222 2071.03
8 92 29336 23.1953 2070.82
8 93 29644 23.1723 2069.16
8 94 29961 23.1745 2070.72
8 95 30279 23.2137 2078.2
8 96 30597 23.1515 2073.74
8 97 30915 23.1712 2076.39
8 98 31234 23.2678 2086.81
8 99 31551 23.3494 2096.78
8 100 31868 23.1628 2077.77
9 0 0 135.373 10692.3
9 1 319 54.7985 5012.97
9 2 638 43.9826 3954.05
9 3 956 39.0291 3475.39
9 4 1276 36.4379 3228.83
9 5 1596 34.1737 3020.05
9 6 1914 32.9637 2911.28
9 7 2229 31.696 2794.31
9 8 2545 31.0378 2732.87
9 9 2862 29.6449 2604.44
9 10 3179 28.9709 2542.25
9 11 3496 28.438 2492.06
9 12 3812 28.0759 2456.97
9 13 4130 27.5816 2408.41
9 14 4447 27.3269 2383.8
9 15 4765 27.1581 2369.98
9 16 5083 26.9526 2350.4
9 17 5402 26.9401 2355.15
9 18 5718 26.6401 2330.61
9 19 6035 26.6136 2333.16
9 20 6356 26.6719 2343.52
9 21 6674 26.4934 2325.73
9 22 6992 26.3957 2319.44
9 23 7311 26.3806 2318.94
9 24 7626 26.3082 2315.13
9 25 7944 26.2701 2315.83
9 26 8260 26.274 2318.4
9 27 8575 26.1155 2303.26
9 28 8892 26.1259 2306.52
9 29 9208 26.0897 2303.6
9 30 9523 25.8094 2276.47
9 31 9840 25.8496 2281.56
9 32 10159 26.0923 2306.24
9 33 10479 25.9072 2289.88
9 34 10798 26.0051 2300.68
9 35 11115 25.9435 2296.6
9 36 11435 25.8646 2290.46
9 37 11754 25.7766 2281.72
9 38 12074 26.033 2310.63
9 39 12392 26.0131 2310.55
9 40 12710 25.9214 2304.8
9 41 13029 25.8742 2303.03
9 42 13350 25.8719 2304.45
9 43 13669 25.7305 2290.07
9 44 13987 25.4916 2265.44
9 45 14306 25.4507 2261.45
9 46 14612 25.3624 2254.04
9 47 14930 25.4433 2263.17
9 48 15248 25.21 2239.89
9 49 15567 25.2845 2248.17
9 50 15886 25.2628 2247.52
9 51 16203 25.187 2239.51
9 52 16519 25.2759 2250.39
9 53 16836 25.3226 2256.42
9 54 17154 25.2453 2248.91
9 55 17471 25.169 2242.49
9 56 17789 25.2492 2249.68
9 57 18106 25.2445 2251.09
9 58 18424 25.1425 2240.28
9 59 18743 25.2431 2252.19
9 60 19060 25.3215 2260.06
9 61 19379 25.2948 2257
9 62 19699 25.3403 2261.47
9 63 20024 25.1151 2236.92
9 64 20342 25.1471 2241.24
9 65 20661 25.2086 2246.79
9 66 20980 25.1533 2239.54
9 67 21299 25.1689 2239.71
9 68 21617 25.1432 2236.93
9 69 21937 25.1062 2233.26
9 70 22256 25.1282 2234.56
9 71 22574 25.1232 2232.42
9 72 22893 25.1258 2233.01
9 73 23213 25.2081 2241.02
9 74 23535 25.1608 2237.73
9 75 23854 25.2641 2247.64
9 76 24175 25.258 2247.39
9 77 24497 25.1559 2237.47
9 78 24816 25.1659 2239.9
9 79 25136 25.0776 2232.38
9 80 25455 24.9594 2220.94
9 81 25774 24.8542 2210.39
9 82 26094 24.8992 2216.55
9 83 26413 24.7553 2202.88
9 84 26735 24.8458 2213.05
9 85 27054 24.8036 2209.1
9 86 27372 24.819 2210.74
9 87 27691 24.8217 2210.74
9 88 28010 24.755 2204.83
9 89 28329 24.8055 2210.82
9 90 28648 24.8486 2214.99
9 91 28966 24.74 2202.89
9 92 29284 24.8105 2209.52
9 93 29603 24.6773 2196.53
9 94 29921 24.6993 2197.92
9 95 30239 24.6733 2194.43
9 96 30557 24.6009 2187.31
9 97 30874 24.5337 2180.24
9 98 31192 24.5877 2185.99
9 99 31510 24.5762 2183.35
9 100 31829 24.5415 2179.6
10 0 0 135.373 10692.3
10 1 320 55.7931 5221.67
10 2 639 48.5759 4525.53
10 3 958 42.8026 4001.44
10 4 1277 41.2825 3860.08
10 5 1602 39.2821 3671.91
10 6 1928 37.612 3527.91
10 7 2256 36.7741 3419.22
10 8 2583 36.1801 3357.15
10 9 2910 35.7381 3292.29
10 10 3237 34.9744 3209.52
10 11 3560 34.387 3143.78
10 12 3881 33.4125 3051.35
10 13 4206 33.1661 3025.35
10 14 4529 32.3043 2950.89
10 15 4852 32.1064 2924.96
10 16 5173 31.2789 2843.42
10 17 5496 31.0496 2818.86
10 18 5819 30.1285 2737.93
10 19 6142 30.4182 2762.03
10 20 6467 30.5446 2769.48
10 21 6790 30.0535 2726.11
10 22 7117 30.1734 2736.91
10 23 7440 30.3701 2753.67
10 24 7763 29.9869 2718.13
10 25 8084 29.9832 2720.33
10 26 8407 29.8346 2705.13
10 27 8731 29.9685 2718.39
10 28 9057 29.8274 2703.9
10 29 9381 29.4735 2673.73
10 30 9707 29.5813 2685.57
10 31 10036 29.2319 2653.76
10 32 10360 29.3712 2669.12
10 33 10685 29.2023 2655.52
10 34 11009 28.9878 2637.82
10 35 11335 28.9226 2635.77
10 36 11659 28.7152 2615.94
10 37 11983 28.5976 2606.48
10 38 12307 28.7241 2618.45
10 39 12632 28.5517 2601.63
10 40 12958 28.2693 2578.75
10 41 13284 28.0673 2562.34
10 42 13609 27.7052 2532.57
10 43 13934 27.8422 2543.75
10 44 14260 27.54 2516.68
10 45 14583 27.349 2498
10 46 14909 27.2805 2496.67
10 47 15235 27.2617 2495.71
10 48 15563 26.8697 2457.73
10 49 15892 26.4654 2417.1
10 50 16220 26.358 2406.34
10 51 16547 26.1951 2391.59
10 52 16876 26.0278 2375.17
10 53 17204 25.9756 2373.37
10 54 17532 25.9074 2368.83
10 55 17861 25.9121 2368.69
10 56 18189 26.0216 2382.31
10 57 18516 26.0077 2382.72
10 58 18844 26.0939 2394.36
10 59 19172 25.9175 2379.78
10 60 19496 25.9267 2382.51
10 61 19824 25.8948 2381.06
10 62 20143 25.9628 2389.59
10 63 20472 25.9175 2385.84
10 64 20797 25.9564 2390.12
10 65 21126 25.8685 2382.56
10 66 21454 25.8486 2383.1
10 67 21782 25.6825 2367.62
10 68 22108 25.8273 2383.36
10 69 22435 25.8532 2391.9
10 70 22764 25.7782 2383.87
10 71 23091 25.7534 2381.3
10 72 23418 25.6672 2370.94
10 73 23746 25.7474 2381.08
10 74 24073 25.6405 2371.59
10 75 24400 25.5988 2367.74
10 76 24729 25.5688 2366.92
10 77 25056 25.6367 2373.54
10 78 25384 25.7212 2382.04
10 79 25715 25.7592 2387.87
10 80 26045 25.7719 2389.62
10 81 26374 25.8833 2404.36
10 82 26704 25.8179 2395.78
10 83 27037 25.6947 2383.6
10 84 27369 25.698 2385.53
10 85 27704 25.8395 2403.15
10 86 28039 25.8444 2402.67
10 87 28370 25.9063 2407.61
10 88 28702 25.9484 2415.12
10 89 29033 25.7802 2396.87
10 90 29364 25.616 2381.8
10 91 29698 25.5407 2375.93
10 92 30031 25.6123 2384.65
10 93 30363 25.7755 2400.66
10 94 30696 25.644 2390.26
10 95 31028 25.5789 2383.58
10 96 31359 25.6801 2392.16
10 97 31689 25.665 2390.4
10 98 32021 25.4489 2367.96
10 99 32354 25.4668 2369.2
10 100 32686 25.6427 2387.29
11 0 0 135.373 10692.3
11 1 333 48.1096 4459.66
11 2 665 37.1706 3421.39
11 3 997 33.1564 2991.07
11 4 1329 30.9775 2778.73
11 5 1660 29.4204 2640.18
11 6 1989 28.1944 2518.97
11 7 2320 27.1732 2419.97
11 8 2651 26.6035 2364.38
11 9 2985 26.6887 2381.26
11 10 3319 26.4072 2363.21
11 11 3653 26.5425 2381.67
11 12 3988 26.2139 2351.74
11 13 4322 26.3024 2358.5
11 14 4657 26.1988 2352.41
11 15 4992 25.8498 2317.47
11 16 5327 25.7593 2310.46
11 17 5658 25.6487 2296.22
11 18 5992 25.6362 2295.25
11 19 6328 25.9099 2317.51
11 20 6663 25.7412 2296.05
11 21 7001 25.7276 2292.84
11 22 7337 25.8546 2302.89
11 23 7673 25.709 2281.47
11 24 8009 25.7604 2287.09
11 25 8344 25.9536 2301.66
11 26 8681 25.8088 2282.1
11 27 9024 25.5385 2255.81
11 28 9362 25.5681 2257.76
11 29 9697 25.3805 2240.67
11 30 10035 25.332 2233.05
11 31 10373 25.6258 2265.84
11 32 10709 25.6363 2268.35
11 33 11047 25.9072 2289.93
11 34 11385 25.8998 2282.96
11 35 11723 25.9989 2284.61
11 36 12062 25.9421 2281.12
11 37 12402 25.9884 2280.5
11 38 12740 26.0905 2288.65
11 39 13075 26.1546 2298.15
11 40 13413 25.905 2271.74
11 41 13750 26.347 2308.42
11 42 14087 25.8612 2267.38
11 43 14425 25.9476 2274.6
11 44 14761 25.4397 2231.41
11 45 15097 25.6614 2253.88
11 46 15434 25.8948 2276.59
11 47 15773 25.571 2249.94
11 48 16111 25.6106 2257.13
11 49 16450 25.4166 2240.65
11 50 16787 25.4109 2237.51
11 51 17124 25.4439 2239.28
11 52 17460 25.4876 2240.79
11 53 17797 25.4355 2237.12
11 54 18136 25.1995 2220.89
11 55 18472 25.0768 2213.38
11 56 18810 25.1351 2221.45
11 57 19148 25.0679 2206.09
11 58 19486 25.0224 2195.88
11 59 19825 24.7896 2174.62
11 60 20165 24.8126 2174.97
11 61 20502 24.7316 2164.58
11 62 20839 24.5811 2147.91
11 63 21178 24.663 2151.16
11 64 21517 24.3988 2125.28
11 65 21855 24.2895 2113.66
11 66 22192 24.394 2122.72
11 67 22527 24.2502 2110.13
11 68 22869 23.9737 2087.45
11 69 23207 23.9852 2085.94
11 70 23544 23.7022 2057.35
11 71 23883 23.6575 2056.03
11 72 24220 23.6638 2058.03
11 73 24557 23.622 2057.2
11 74 24895 23.4201 2039.7
11 75 25229 23.3775 2035.43
11 76 25565 23.3733 2035.15
11 77 25901 23.362 2037.16
11 78 26236 23.3505 2036.71
11 79 26571 23.2541 2028.31
11 80 26906 23.5586 2056.93
11 81 27240 23.8763 2094.16
11 82 27572 24.2955 2133.98
11 83 27906 23.6754 2078.62
11 84 28240 23.7533 2084.58
11 85 28574 23.6946 2082.24
11 86 28908 23.3846 2054.31
11 87 29244 23.7919 2091.85
11 88 29580 23.778 2095.2
11 89 29920 23.6526 2081.46
11 90 30255 23.7161 2089
