
1 0 0 135.373 10692.3
1 1 256 127.624 10105.4
1 2 512 120.027 9533.91
1 3 765 113.094 9012.64
1 4 1021 106.989 8552.23
1 5 1281 101.512 8138.15
1 6 1552 96.57 7761.51
1 7 1822 92.1602 7424.38
1 8 2099 88.1743 7119.66
1 9 2353 84.5286 6840.15
1 10 2618 81.2552 6588.02
1 11 2884 78.2675 6356.8
1 12 3149 75.5544 6146.01
1 13 3415 73.0322 5950.26
1 14 3676 70.7201 5770.77
1 15 3928 68.6189 5605.16
1 16 4179 66.6747 5451.68
1 17 4432 64.8766 5309.91
1 18 4681 63.2083 5177.36
1 19 4934 61.6806 5055.65
1 20 5191 60.2693 4942.24
1 21 5454 58.9362 4834.95
1 22 5723 57.7053 4735.15
1 23 5988 56.5378 4640.71
1 24 6253 55.4495 4551.32
1 25 6518 54.4281 4467.58
1 26 6799 53.4618 4388.4
1 27 7063 52.5299 4311.87
1 28 7319 51.6627 4239.76
1 29 7575 50.8415 4172.36
1 30 7831 50.0728 4107.57
1 31 8089 49.334 4046.55
1 32 8345 48.6314 3988.34
1 33 8598 47.9651 3932.06
1 34 8852 47.3253 3878.13
1 35 9108 46.7166 3827.11
1 36 9366 46.1333 3777.71
1 37 9629 45.5826 3731.31
1 38 9888 45.0574 3687.86
1 39 10154 44.5524 3645.08
1 40 10426 44.0658 3604.88
1 41 10703 43.5963 3565.47
1 42 10983 43.1463 3527.66
1 43 11261 42.7122 3491.64
1 44 11536 42.3001 3457.14
1 45 11889 41.9025 3423.64
1 46 12188 41.5151 3391.15
1 47 12483 41.1446 3359.97
1 48 12779 40.7833 3328.95
1 49 13078 40.4365 3299.27
1 50 13376 40.098 3270.75
1 51 13737 39.7684 3242.66
1 52 14090 39.4531 3216.16
1 53 14463 39.143 3189.58
1 54 14820 38.8446 3164.21
1 55 15081 38.5565 3140.05
1 56 15343 38.2794 3116.93
1 57 15616 38.0151 3095.3
1 58 15879 37.7548 3073.26
1 59 16155 37.5085 3052.82
1 60 16422 37.2625 3031.78
1 61 16673 37.0229 3011.52
1 62 16927 36.7853 2991.01
1 63 17183 36.5584 2971.98
1 64 17448 36.3404 2953.83
1 65 17722 36.1234 2935.58
1 66 17983 35.9141 2917.86
1 67 18241 35.7105 2900.77
1 68 18501 35.5173 2884.74
1 69 18754 35.3215 2868.33
1 70 19009 35.1343 2852.81
1 71 19268 34.9511 2837.13
1 72 19524 34.7755 2822.48
1 73 19796 34.5986 2807.19
1 74 20061 34.43 2793.08
1 75 20319 34.2646 2779.27
1 76 20568 34.1046 2765.88
1 77 20817 33.9469 2752.9
1 78 21068 33.7948 2740.33
1 79 21317 33.6378 2726.7
1 80 21571 33.4871 2713.82
1 81 21868 33.344 2702.01
1 82 22123 33.2054 2690.69
1 83 22381 33.0635 2678.6
1 84 22646 32.9254 2666.83
1 85 22904 32.796 2656.05
1 86 23147 32.6634 2644.81
1 87 23408 32.5395 2634.73
1 88 23666 32.4149 2624.23
1 89 23932 32.2938 2614.21
1 90 24193 32.1731 2604.09
1 91 24445 32.0554 2594.38
1 92 24711 31.9415 2584.86
1 93 24976 31.8288 2575.34
1 94 25241 31.72 2566.25
1 95 25506 31.6111 2556.75
1 96 25771 31.504 2547.75
1 97 26030 31.3997 2538.96
1 98 26291 31.302 2531.03
1 99 26573 31.2014 2522.45
1 100 26851 31.1064 2515.02
1 101 27117 31.0126 2507.24
1 102 27386 30.9197 2499.77
1 103 27641 30.8286 2492.22
1 104 27898 30.7381 2484.74
1 105 28154 30.6475 2476.99
1 106 28422 30.5627 2470.5
1 107 28698 30.4751 2463.15
1 108 28979 30.3905 2456.06
1 109 29254 30.3071 2448.95
1 110 29524 30.2246 2442.07
1 111 29790 30.1444 2435.62
1 112 30057 30.0673 2429.4
1 113 30354 29.9905 2423.03
1 114 30629 29.9148 2416.76
1 115 30880 29.8411 2410.78
1 116 31130 29.7672 2404.71
1 117 31397 29.6937 2398.44
1 118 31667 29.6231 2392.9
1 119 31939 29.5523 2387.06
1 120 32198 29.4822 2381.14
1 121 32473 29.4146 2375.83
1 122 32744 29.3503 2370.79
1 123 33031 29.2826 2364.96
1 124 33316 29.2197 2360.16
1 125 33771 29.1562 2354.73
1 126 34079 29.0938 2349.62
1 127 34339 29.0309 2344.25
1 128 34608 28.9676 2338.82
1 129 34878 28.9058 2333.64
1 130 35147 28.8458 2329.02
1 131 35465 28.7892 2324.4
1 132 35755 28.7291 2319.26
1 133 36028 28.6726 2314.95
1 134 36297 28.6169 2310.5
1 135 36566 28.5614 2306.05
1 136 36835 28.5066 2301.53
1 137 37132 28.452 2297.06
1 138 37404 28.3986 2292.76
1 139 37681 28.3454 2288.44
1 140 37963 28.2919 2283.9
1 141 38236 28.2395 2279.42
1 142 38506 28.189 2275.38
1 143 38767 28.1388 2271.42
1 144 39027 28.0869 2266.82
1 145 39285 28.038 2262.76
1 146 39542 27.9902 2258.94
1 147 39811 27.9425 2255.23
1 148 40098 27.8961 2251.57
1 149 40379 27.8486 2247.6
1 150 40649 27.7998 2243.32
1 151 40919 27.7537 2239.47
1 152 41190 27.7108 2236.39
1 153 41458 27.6638 2232.3
1 154 41738 27.6197 2228.71
1 155 42008 27.5768 2225.41
1 156 42275 27.5337 2221.74
1 157 42542 27.4935 2218.75
1 158 42802 27.4522 2215.37
1 159 43079 27.4108 2212.13
1 160 43348 27.3679 2208.51
1 161 43607 27.3275 2205.36
1 162 43866 27.2872 2202.18
1 163 44126 27.2447 2198.46
1 164 44395 27.2048 2195.27
1 165 44665 27.1641 2191.74
1 166 44932 27.1238 2188.15
1 167 45196 27.0871 2185.27
1 168 45475 27.0478 2181.91
1 169 45754 27.0113 2179.09
1 170 46031 26.9751 2176.09
1 171 46311 26.9404 2173.54
1 172 46614 26.9047 2170.74
1 173 46870 26.8683 2167.64
1 174 47123 26.8338 2165.04
1 175 47395 26.7979 2162.11
1 176 47663 26.7617 2158.9
1 177 47933 26.7296 2156.68
1 178 48186 26.6965 2154.03
1 179 48441 26.6628 2151.22
1 180 48704 26.6306 2148.75
1 181 48972 26.5974 2145.94
1 182 49251 26.5633 2143.1
1 183 49536 26.5316 2140.62
1 184 49817 26.4974 2137.76
1 185 50087 26.4641 2134.79
1 186 50356 26.4326 2132.14
1 187 50622 26.402 2129.66
1 188 50890 26.3709 2127.22
1 189 51167 26.3393 2124.59
1 190 51438 26.3067 2121.67
1 191 51712 26.2773 2119.13
1 192 51982 26.2482 2116.82
1 193 52242 26.2183 2114.26
1 194 52520 26.1911 2112.38
1 195 52809 26.1618 2110.01
1 196 53083 26.1344 2107.84
1 197 53358 26.1057 2105.49
1 198 53628 26.0736 2102.47
1 199 53888 26.0472 2100.47
1 200 54154 26.0207 2098.6
2 0 0 135.373 10692.3
2 1 275 124.256 9866.82
2 2 545 113.564 9074.98
2 3 821 104.511 8404.51
2 4 1099 96.8589 7839.41
2 5 1351 90.3611 7358.37
2 6 1612 84.8353 6948.18
2 7 1880 80.3527 6614.45
2 8 2138 76.4951 6326.4
2 9 2395 73.0853 6070.83
2 10 2652 70.1662 5849.72
2 11 2915 67.5375 5648.4
2 12 3183 65.1437 5465.07
2 13 3446 63.0251 5300.93
2 14 3730 61.1338 5153.2
2 15 4017 59.4303 5019.41
2 16 4302 57.868 4894.45
2 17 4582 56.4444 4779.58
2 18 4860 55.1242 4670.96
2 19 5132 53.9311 4573.22
2 20 5392 52.8169 4480.94
2 21 5661 51.7624 4391.78
2 22 5930 50.7888 4309.16
2 23 6197 49.8792 4231.17
2 24 6460 49.0366 4158.7
2 25 6730 48.2453 4090.98
2 26 6988 47.49 4024.98
2 27 7247 46.7779 3962.13
2 28 7543 46.1072 3903.22
2 29 7819 45.4784 3847.94
2 30 8081 44.8715 3794.08
2 31 8341 44.2972 3742.99
2 32 8621 43.7454 3693.9
2 33 8896 43.1945 3643.65
2 34 9162 42.6837 3597.47
2 35 9421 42.1891 3552.63
2 36 9687 41.7112 3509.5
2 37 9953 41.2635 3469.13
2 38 10219 40.8291 3430.12
2 39 10488 40.4021 3391.41
2 40 10748 40.0036 3356.01
2 41 11002 39.6179 3321.09
2 42 11259 39.263 3289.64
2 43 11524 38.9049 3257.28
2 44 11779 38.549 3224.92
2 45 12035 38.2116 3194.42
2 46 12285 37.8918 3165.81
2 47 12536 37.5803 3137.61
2 48 12795 37.2803 3110.81
2 49 13054 37.0027 3086.4
2 50 13323 36.7202 3060.94
2 51 13586 36.4403 3035.29
2 52 13864 36.1752 3011.41
2 53 14141 35.9196 2988.2
2 54 14408 35.6712 2965.77
2 55 14674 35.4288 2943.83
2 56 14933 35.1948 2923
2 57 15189 34.9789 2904.09
2 58 15452 34.7659 2885.29
2 59 15721 34.5574 2866.85
2 60 15996 34.3586 2849.65
2 61 16272 34.1522 2831.29
2 62 16545 33.9569 2814
2 63 16817 33.7671 2797.08
2 64 17072 33.5963 2782.5
2 65 17331 33.4279 2767.93
2 66 17583 33.2457 2751.54
2 67 17835 33.0764 2736.95
2 68 18087 32.9171 2723.32
2 69 18343 32.7623 2709.94
2 70 18605 32.61 2696.88
2 71 18880 32.4605 2683.73
2 72 19157 32.3189 2671.65
2 73 19444 32.1712 2658.72
2 74 19722 32.0305 2646.53
2 75 19992 31.8893 2633.99
2 76 20260 31.7551 2622.24
2 77 20520 31.6206 2610.42
2 78 20777 31.5019 2600.33
2 79 21035 31.3786 2589.51
2 80 21303 31.2548 2578.74
2 81 21577 31.1444 2569.58
2 82 21851 31.0351 2560.3
2 83 22128 30.9219 2550.58
2 84 22398 30.8153 2541.6
2 85 22670 30.7114 2532.81
2 86 22939 30.616 2525.22
2 87 23209 30.5093 2515.83
2 88 23471 30.4088 2507.44
2 89 23737 30.3072 2498.67
2 90 24004 30.2139 2490.69
2 91 24258 30.1206 2482.86
2 92 24515 30.0326 2475.67
2 93 24780 29.944 2468.3
2 94 25047 29.8572 2461.24
2 95 25311 29.775 2454.67
2 96 25570 29.6868 2447.19
2 97 25828 29.5994 2439.62
2 98 26083 29.5183 2432.85
2 99 26345 29.4372 2426.01
2 100 26620 29.3608 2419.74
2 101 26890 29.2869 2413.68
2 102 27150 29.2112 2407.14
2 103 27410 29.1358 2400.72
2 104 27679 29.0683 2395.35
2 105 27934 28.9989 2389.84
2 106 28189 28.9274 2383.82
2 107 28444 28.8555 2377.73
2 108 28701 28.7864 2372.1
2 109 28955 28.7153 2365.82
2 110 29215 28.651 2360.35
2 111 29483 28.5838 2354.55
2 112 29765 28.522 2349.44
2 113 30034 28.4663 2345.09
2 114 30305 28.4042 2339.85
2 115 30563 28.3453 2334.92
2 116 30813 28.287 2329.93
2 117 31070 28.2314 2325.36
2 118 31330 28.1837 2321.93
2 119 31589 28.1245 2316.58
2 120 31860 28.0701 2311.98
2 121 32138 28.0188 2307.86
2 122 32416 27.972 2304.25
2 123 32699 27.9197 2299.89
2 124 32955 27.871 2296.02
2 125 33226 27.8189 2291.52
2 126 33493 27.7648 2286.67
2 127 33753 27.7141 2282.38
2 128 34023 27.663 2277.88
2 129 34293 27.6132 2273.61
2 130 34551 27.5727 2270.74
2 131 34808 27.5299 2267.41
2 132 35065 27.4842 2263.61
2 133 35319 27.4381 2259.66
2 134 35586 27.397 2256.6
2 135 35849 27.3527 2252.85
2 136 36097 27.3123 2249.72
2 137 36353 27.272 2246.45
2 138 36621 27.2278 2242.68
2 139 36897 27.1868 2239.17
2 140 37174 27.1455 2235.72
2 141 37451 27.1051 2232.35
2 142 37704 27.0585 2228.02
2 143 37956 27.0182 2224.63
2 144 38219 26.9838 2222.14
2 145 38478 26.9463 2219.12
2 146 38736 26.9092 2216.16
2 147 38995 26.8704 2212.92
2 148 39258 26.8318 2209.7
2 149 39540 26.7974 2207.19
2 150 39822 26.7624 2204.51
2 151 40106 26.7244 2201.29
2 152 40384 26.6924 2198.92
2 153 40665 26.6575 2196.13
2 154 40931 26.62 2193.02
2 155 41192 26.5846 2190.01
2 156 41452 26.5474 2186.85
2 157 41717 26.5148 2184.12
2 158 41996 26.4826 2181.75
2 159 42270 26.4518 2179.33
2 160 42547 26.4201 2176.74
2 161 42821 26.3862 2173.82
2 162 43087 26.3521 2170.91
2 163 43352 26.3213 2168.53
2 164 43609 26.2898 2166.16
2 165 43883 26.259 2163.74
2 166 44149 26.2286 2161.38
2 167 44413 26.1964 2158.69
2 168 44690 26.1693 2156.88
2 169 44959 26.1387 2154.38
2 170 45221 26.108 2151.92
2 171 45482 26.0802 2149.82
2 172 45734 26.0497 2147.38
2 173 45986 26.0172 2144.72
2 174 46244 25.9877 2142.37
2 175 46509 25.9565 2139.75
2 176 46767 25.924 2137.01
2 177 47025 25.8977 2135.19
2 178 47284 25.8691 2132.85
2 179 47550 25.8437 2131.05
2 180 47808 25.8167 2128.98
2 181 48066 25.7923 2127.31
2 182 48324 25.7674 2125.43
2 183 48610 25.74 2123.23
2 184 48899 25.7157 2121.54
2 185 49186 25.688 2119.22
2 186 49476 25.6598 2116.9
2 187 49762 25.6332 2114.8
2 188 50040 25.6085 2112.94
2 189 50310 25.5807 2110.58
2 190 50573 25.5573 2108.97
2 191 50833 25.5347 2107.34
2 192 51102 25.5111 2105.52
2 193 51371 25.4879 2103.67
2 194 51651 25.4624 2101.6
2 195 51908 25.4397 2099.84
2 196 52164 25.4152 2097.81
2 197 52423 25.3908 2095.9
2 198 52688 25.3674 2094.1
2 199 52954 25.346 2092.5
2 200 53229 25.3238 2090.76
3 0 0 135.373 10692.3
3 1 271 118.341 9446.71
3 2 567 103.737 8391.58
3 3 864 92.8212 7606.05
3 4 1142 84.5111 7010.76
3 5 1436 78.1706 6554.42
3 6 1720 73.2173 6196.35
3 7 1996 69.249 5906.52
3 8 2279 66.103 5671.43
3 9 2560 63.4471 5471.21
3 10 2844 61.2067 5298.73
3 11 3126 59.2268 5141.29
3 12 3401 57.5032 5002.87
3 13 3681 55.9559 4876.3
3 14 3961 54.5499 4759.24
3 15 4224 53.2541 4648.16
3 16 4486 52.1098 4550.13
3 17 4789 51.0305 4455.11
3 18 5081 50.0278 4366.25
3 19 5369 49.0793 4281.2
3 20 5656 48.1586 4197.71
3 21 5939 47.2685 4116.47
3 22 6203 46.4402 4040.33
3 23 6478 45.6762 3970.59
3 24 6755 44.9159 3900.09
3 25 7038 44.2245 3836.24
3 26 7312 43.5374 3771.88
3 27 7589 42.9189 3715.07
3 28 7873 42.299 3656.77
3 29 8156 41.7116 3602.05
3 30 8439 41.1598 3550.33
3 31 8721 40.6345 3500.82
3 32 9004 40.1464 3455.48
3 33 9279 39.6699 3411.25
3 34 9552 39.2098 3367.97
3 35 9820 38.7879 3328.47
3 36 10083 38.3909 3291.5
3 37 10344 37.9872 3253.68
3 38 10601 37.5988 3217.59
3 39 10859 37.2236 3182.6
3 40 11124 36.8757 3150.43
3 41 11400 36.5484 3120.12
3 42 11667 36.2108 3088.5
3 43 11924 35.8995 3059.69
3 44 12209 35.6144 3033.55
3 45 12481 35.3313 3007.53
3 46 12753 35.056 2982.26
3 47 13018 34.7934 2958
3 48 13285 34.5337 2934.05
3 49 13551 34.287 2911.65
3 50 13813 34.0506 2890.2
3 51 14077 33.8468 2872.19
3 52 14342 33.6272 2852.17
3 53 14614 33.4181 2833.15
3 54 14891 33.2313 2816.44
3 55 15159 33.0458 2800.13
3 56 15422 32.8447 2781.61
3 57 15689 32.6675 2765.87
3 58 15958 32.4895 2749.91
3 59 16221 32.3311 2736.12
3 60 16492 32.1802 2723.14
3 61 16770 32.0307 2710.44
3 62 17042 31.8904 2698.42
3 63 17316 31.7302 2684.06
3 64 17602 31.5848 2671.22
3 65 17883 31.439 2658.27
3 66 18163 31.3077 2646.87
3 67 18446 31.1734 2635.06
3 68 18731 31.0399 2623.27
3 69 19012 30.9155 2612.56
3 70 19295 30.7844 2600.89
3 71 19579 30.6697 2591.37
3 72 19857 30.5526 2581.29
3 73 20120 30.4396 2571.54
3 74 20385 30.3364 2562.8
3 75 20649 30.2318 2553.83
3 76 20910 30.1323 2545.29
3 77 21173 30.0332 2536.76
3 78 21440 29.9374 2528.68
3 79 21706 29.8386 2520.19
3 80 21992 29.7444 2512.11
3 81 22265 29.6446 2503.16
3 82 22537 29.5592 2495.82
3 83 22811 29.4681 2488.04
3 84 23071 29.3917 2481.99
3 85 23328 29.3103 2475.16
3 86 23600 29.2335 2468.9
3 87 23869 29.155 2462.25
3 88 24134 29.08 2455.98
3 89 24395 28.9948 2448.43
3 90 24661 28.917 2441.89
3 91 24927 28.8478 2436.15
3 92 25199 28.7744 2429.82
3 93 25468 28.7068 2424.28
3 94 25734 28.6357 2418.21
3 95 25998 28.5662 2412.21
3 96 26268 28.4986 2406.38
3 97 26532 28.4306 2400.32
3 98 26797 28.3635 2394.52
3 99 27051 28.2916 2388
3 100 27314 28.2239 2382.05
3 101 27579 28.1534 2375.64
3 102 27862 28.0833 2369.23
3 103 28133 28.0308 2365.03
3 104 28407 27.9718 2360.04
3 105 28693 27.9206 2355.85
3 106 28975 27.8666 2351.37
3 107 29255 27.8118 2346.69
3 108 29537 27.7533 2341.47
3 109 29802 27.694 2336.16
3 110 30066 27.6358 2330.99
3 111 30339 27.5875 2326.99
3 112 30890 27.542 2323.36
3 113 31317 27.4932 2319.43
3 114 31634 27.4463 2315.66
3 115 31912 27.3867 2310.24
3 116 32174 27.3358 2305.71
3 117 32450 27.292 2302.24
3 118 32720 27.2517 2299.42
3 119 32982 27.2067 2295.58
3 120 33256 27.1734 2293.45
3 121 33530 27.1298 2289.9
3 122 33807 27.09 2286.78
3 123 34092 27.0413 2282.52
3 124 34358 27.0001 2279.12
3 125 34629 26.9534 2275
3 126 34985 26.9081 2271.09
3 127 35524 26.8707 2268.18
3 128 35935 26.8274 2264.46
3 129 36239 26.7828 2260.56
3 130 36571 26.7482 2257.82
3 131 36875 26.7128 2255.06
3 132 37160 26.6766 2252.21
3 133 37456 26.6393 2249.24
3 134 37736 26.5954 2245.38
3 135 38013 26.5491 2240.98
3 136 38283 26.5156 2238.34
3 137 38549 26.4746 2234.77
3 138 38831 26.44 2232.07
3 139 39105 26.4085 2229.66
3 140 39381 26.3759 2227.24
3 141 39648 26.3421 2224.48
3 142 39907 26.3012 2220.63
3 143 40206 26.2673 2217.87
3 144 40486 26.2412 2216.13
3 145 40764 26.2057 2213.17
3 146 41033 26.1727 2210.59
3 147 41299 26.1401 2207.78
3 148 41554 26.105 2204.63
3 149 41822 26.0676 2201.18
3 150 42128 26.0396 2199.12
3 151 42395 26.0044 2196.12
3 152 42655 25.9741 2193.54
3 153 42916 25.9457 2191.25
3 154 43178 25.9152 2188.63
3 155 43453 25.8823 2185.82
3 156 43722 25.8568 2183.93
3 157 43977 25.8277 2181.52
3 158 44233 25.7988 2179.11
3 159 44517 25.7719 2176.9
3 160 44791 25.7445 2174.64
3 161 45074 25.7176 2172.41
3 162 45350 25.6957 2170.85
3 163 45615 25.6681 2168.54
3 164 45898 25.6427 2166.53
3 165 46172 25.6153 2164.27
3 166 46453 25.5811 2161.04
3 167 46735 25.5573 2159.2
3 168 47013 25.527 2156.36
3 169 47288 25.5039 2154.6
3 170 47563 25.4803 2152.74
3 171 47834 25.4571 2150.93
3 172 48109 25.4325 2148.81
3 173 48421 25.4042 2146.31
3 174 48699 25.3828 2144.75
3 175 48972 25.3607 2143.08
3 176 49239 25.3411 2141.71
3 177 49536 25.3143 2139.24
3 178 49827 25.2921 2137.56
3 179 50117 25.2711 2135.93
3 180 50398 25.2474 2133.84
3 181 50664 25.2229 2131.77
3 182 50959 25.1986 2129.58
3 183 51246 25.1725 2127.29
3 184 51531 25.1468 2124.95
3 185 51803 25.1267 2123.31
3 186 52068 25.1028 2121.24
3 187 52343 25.0786 2119.19
3 188 52623 25.0529 2116.83
3 189 52908 25.0279 2114.53
3 190 53191 25.0091 2113.03
3 191 53486 24.9889 2111.46
3 192 53778 24.9689 2109.88
3 193 54071 24.9444 2107.72
3 194 54362 24.9241 2106.06
3 195 54645 24.9053 2104.6
3 196 54910 24.8868 2103.18
3 197 55186 24.8646 2101.37
3 198 55468 24.8434 2099.54
3 199 55749 24.8256 2098.22
3 200 56030 24.8042 2096.47
4 0 0 135.373 10692.3
4 1 275 109.567 8813.18
4 2 549 90.8339 7486.03
4 3 826 79.6311 6708.63
4 4 1103 72.5928 6222.44
4 5 1382 67.7632 5889.62
4 6 1647 64.3259 5645.95
4 7 1913 61.7247 5455.86
4 8 2177 59.5972 5295.06
4 9 2441 57.6837 5139.59
4 10 2705 56.011 4999.95
4 11 2974 54.476 4865.26
4 12 3249 53.0055 4731.95
4 13 3515 51.6309 4606.21
4 14 3785 50.3941 4492.66
4 15 4056 49.2412 4385.53
4 16 4330 48.1219 4280.94
4 17 4600 47.0868 4182.28
4 18 4865 46.0924 4086.49
4 19 5127 45.1641 3996.95
4 20 5393 44.3185 3915.38
4 21 5659 43.4998 3835.53
4 22 5929 42.7204 3760.46
4 23 6212 42.0404 3694.44
4 24 6496 41.3772 3630.51
4 25 6780 40.7683 3571.85
4 26 7062 40.14 3511.18
4 27 7322 39.5222 3451.53
4 28 7621 38.9443 3395.74
4 29 7900 38.4728 3351.01
4 30 8176 37.9741 3303.18
4 31 8453 37.5089 3258.62
4 32 8726 37.0842 3217.88
4 33 8998 36.6837 3179.68
4 34 9274 36.3084 3143.85
4 35 9549 35.9245 3107.36
4 36 9815 35.5703 3073.78
4 37 10079 35.2513 3043.74
4 38 10348 34.9158 3011.8
4 39 10614 34.5922 2981.3
4 40 10881 34.3005 2953.93
4 41 11146 34.0221 2927.87
4 42 11418 33.7417 2901.49
4 43 11691 33.4778 2876.71
4 44 11965 33.2203 2852.83
4 45 12235 32.9833 2831.01
4 46 12496 32.7532 2809.61
4 47 12764 32.541 2789.94
4 48 13048 32.3258 2769.98
4 49 13337 32.1217 2751.77
4 50 13620 31.9282 2734.23
4 51 13894 31.7492 2718.04
4 52 14168 31.5833 2703.15
4 53 14438 31.4231 2688.97
4 54 14713 31.2574 2674.07
4 55 15000 31.112 2661.39
4 56 15282 30.9713 2648.83
4 57 15564 30.8177 2635.1
4 58 15857 30.6839 2623.19
4 59 16141 30.5612 2612.67
4 60 16425 30.4286 2600.98
4 61 16712 30.3022 2589.82
4 62 16987 30.1823 2579.4
4 63 17262 30.0516 2567.88
4 64 17533 29.9387 2558.06
4 65 17796 29.8255 2548.2
4 66 18060 29.7075 2537.68
4 67 18344 29.5988 2528.1
4 68 18635 29.4905 2518.53
4 69 18919 29.3872 2509.38
4 70 19190 29.2805 2499.99
4 71 19453 29.1755 2490.64
4 72 19727 29.0835 2482.95
4 73 19994 28.9843 2474.31
4 74 20260 28.9122 2468.55
4 75 20526 28.8288 2461.51
4 76 20796 28.7301 2452.6
4 77 21067 28.6627 2447.29
4 78 21344 28.5795 2440
4 79 21619 28.5005 2433.16
4 80 21894 28.422 2426.34
4 81 22171 28.3466 2420.01
4 82 22441 28.2632 2412.6
4 83 22705 28.1733 2404.23
4 84 22973 28.0973 2397.57
4 85 23239 28.0372 2392.68
4 86 23504 27.9653 2386.22
4 87 23777 27.9048 2381.03
4 88 24043 27.8366 2375.23
4 89 24312 27.7619 2368.54
4 90 24578 27.6942 2362.5
4 91 24840 27.6239 2356.23
4 92 25095 27.5785 2352.88
4 93 25357 27.5162 2347.53
4 94 25618 27.4676 2343.87
4 95 25874 27.4018 2338.04
4 96 26138 27.3454 2333.33
4 97 26404 27.296 2329.25
4 98 26669 27.2309 2323.35
4 99 26934 27.1858 2319.6
4 100 27199 27.1201 2313.67
4 101 27465 27.0579 2308
4 102 27728 27.0151 2304.59
4 103 27986 26.9666 2300.39
4 104 28245 26.908 2294.77
4 105 28508 26.8619 2290.99
4 106 28769 26.8146 2286.88
4 107 29035 26.7559 2281.37
4 108 29332 26.7038 2276.69
4 109 29627 26.6691 2274.05
4 110 29901 26.6317 2271.02
4 111 30167 26.5944 2268.09
4 112 30432 26.5496 2264.27
4 113 30698 26.4961 2259.32
4 114 30969 26.4573 2256.11
4 115 31242 26.4088 2251.71
4 116 31510 26.3573 2247.03
4 117 31776 26.3185 2243.69
4 118 32035 26.2816 2240.63
4 119 32300 26.2494 2238.17
4 120 32575 26.2075 2234.4
4 121 32851 26.1697 2231.21
4 122 33122 26.1349 2228.24
4 123 33386 26.0875 2223.72
4 124 33643 26.0563 2221.35
4 125 33925 26.0126 2217.36
4 126 34204 25.9722 2213.68
4 127 34479 25.9305 2209.83
4 128 34744 25.8969 2206.79
4 129 35010 25.8684 2204.48
4 130 35274 25.8435 2202.77
4 131 35537 25.8075 2199.65
4 132 35803 25.7695 2196.16
4 133 36067 25.7387 2193.58
4 134 36349 25.7205 2192.48
4 135 36637 25.6938 2190.33
4 136 36917 25.6579 2187.14
4 137 37199 25.6224 2183.91
4 138 37466 25.5846 2180.42
4 139 37730 25.5602 2178.51
4 140 37999 25.534 2176.64
4 141 38292 25.506 2174.46
4 142 38576 25.473 2171.53
4 143 38871 25.4433 2169.12
4 144 39145 25.4175 2167.04
4 145 39422 25.3821 2163.7
4 146 39715 25.3522 2161.05
4 147 39996 25.3182 2157.99
4 148 40271 25.2949 2156.36
4 149 40540 25.2829 2155.95
4 150 40806 25.2501 2153.02
4 151 41071 25.2268 2151.27
4 152 41334 25.1876 2147.71
4 153 41599 25.161 2145.51
4 154 41872 25.1358 2143.6
4 155 42146 25.1245 2143.25
4 156 42410 25.1 2141.25
4 157 42678 25.0685 2138.36
4 158 42946 25.0463 2136.59
4 159 43210 25.029 2135.6
4 160 43479 25.007 2133.84
4 161 43740 24.977 2131.16
4 162 44004 24.957 2129.68
4 163 44269 24.9353 2127.98
4 164 44533 24.9114 2126.12
4 165 44795 24.883 2123.58
4 166 45053 24.8596 2121.59
4 167 45319 24.8415 2120.32
4 168 45581 24.8213 2118.83
4 169 45842 24.8013 2117.21
4 170 46108 24.7796 2115.47
4 171 46376 24.7614 2114.13
4 172 46641 24.7368 2112.2
4 173 46906 24.7181 2110.93
4 174 47171 24.6996 2109.57
4 175 47433 24.6804 2108.22
4 176 47696 24.6635 2106.84
4 177 47960 24.6531 2106.55
4 178 48219 24.6365 2105.33
4 179 48482 24.6231 2104.57
4 180 48744 24.5879 2101.12
4 181 49010 24.5659 2099.33
4 182 49272 24.5487 2098.02
4 183 49547 24.5277 2096.35
4 184 49813 24.5035 2094.16
4 185 50072 24.4818 2092.29
4 186 50336 24.4573 2090
4 187 50599 24.4368 2088.35
4 188 50863 24.419 2087.04
4 189 51142 24.401 2085.66
4 190 51426 24.3761 2083.18
4 191 51695 24.3579 2081.69
4 192 51953 24.3487 2081.33
4 193 52213 24.3324 2080.04
4 194 52475 24.3058 2077.52
4 195 52752 24.2927 2076.7
4 196 53017 24.2835 2076.47
4 197 53284 24.2616 2074.6
4 198 53561 24.2399 2072.53
4 199 53845 24.2195 2070.86
4 200 54119 24.1971 2068.83
5 0 0 135.373 10692.3
5 1 291 98.3206 8044.87
5 2 567 79.9205 6802.12
5 3 838 71.9704 6299.67
5 4 1103 67.9742 6054.7
5 5 1379 65.4005 5882.92
5 6 1654 63.467 5742.6
5 7 1929 61.8331 5613.15
5 8 2208 60.2117 5475.17
5 9 2486 58.6792 5337.55
5 10 2760 57.1451 5195.41
5 11 3036 55.604 5050.36
5 12 3328 54.2253 4918.97
5 13 3610 52.8808 4790.08
5 14 3878 51.7051 4676.19
5 15 4151 50.5186 4561.41
5 16 4418 49.4285 4454.79
5 17 4685 48.4057 4355.02
5 18 4945 47.3465 4251.28
5 19 5226 46.3083 4150.18
5 20 5514 45.3583 4056.88
5 21 5780 44.4284 3965.55
5 22 6047 43.505 3874.92
5 23 6315 42.7188 3797.64
5 24 6589 41.9789 3725.37
5 25 6864 41.3082 3659.64
5 26 7139 40.686 3599.16
5 27 7405 40.0755 3539.86
5 28 7671 39.4737 3481.25
5 29 7938 38.9751 3433.4
5 30 8207 38.4749 3385.15
5 31 8473 37.989 3338.76
5 32 8734 37.5647 3298.18
5 33 9000 37.0364 3247.41
5 34 9267 36.5525 3200.93
5 35 9533 36.1812 3165.8
5 36 9799 35.745 3124.06
5 37 10068 35.407 3092.12
5 38 10333 35.0489 3058.1
5 39 10593 34.7168 3026.8
5 40 10851 34.4346 3000.58
5 41 11137 34.0858 2967.35
5 42 11411 33.8009 2940.71
5 43 11686 33.4881 2911.55
5 44 11964 33.2364 2888.15
5 45 12234 32.9593 2862.19
5 46 12500 32.7187 2839.86
5 47 12771 32.5041 2820.17
5 48 13040 32.285 2799.68
5 49 13299 32.0741 2779.87
5 50 13566 31.8791 2762.09
5 51 13844 31.6942 2745.12
5 52 14118 31.5105 2728.25
5 53 14388 31.3187 2710.6
5 54 14648 31.1725 2697.45
5 55 14912 31.0149 2683.09
5 56 15179 30.8762 2670.97
5 57 15454 30.6988 2654.54
5 58 15730 30.564 2642.56
5 59 16020 30.4413 2631.65
5 60 16316 30.3232 2621.02
5 61 16608 30.1946 2609.17
5 62 16887 30.0759 2598.71
5 63 17168 29.9496 2587.37
5 64 17444 29.8524 2578.69
5 65 17720 29.7389 2568.25
5 66 18000 29.6487 2560.24
5 67 18283 29.5555 2551.92
5 68 18560 29.4814 2545.69
5 69 18839 29.3912 2537.55
5 70 19120 29.2927 2528.46
5 71 19387 29.2148 2521.67
5 72 19652 29.1107 2512.19
5 73 19917 29.0249 2504.84
5 74 20182 28.9445 2497.31
5 75 20458 28.8554 2489.18
5 76 20723 28.7801 2482.63
5 77 20987 28.67 2472.36
5 78 21253 28.5969 2466
5 79 21535 28.538 2461.23
5 80 21812 28.4653 2454.69
5 81 22092 28.3833 2447.36
5 82 22390 28.3131 2441.04
5 83 22686 28.2471 2435.23
5 84 22962 28.1623 2427.56
5 85 23229 28.0977 2422.05
5 86 23508 28.029 2415.84
5 87 23783 27.9518 2408.78
5 88 24049 27.8591 2399.92
5 89 24329 27.8109 2396.16
5 90 24595 27.7535 2391.1
5 91 24857 27.693 2385.72
5 92 25124 27.6367 2380.84
5 93 25390 27.5694 2374.6
5 94 25663 27.5307 2371.44
5 95 25938 27.5019 2369.58
5 96 26212 27.4503 2365.13
5 97 26485 27.4155 2362.52
5 98 26758 27.3629 2357.91
5 99 27029 27.3215 2354.51
5 100 27303 27.275 2350.5
5 101 27576 27.2308 2346.63
5 102 27843 27.1838 2342.65
5 103 28108 27.126 2337.65
5 104 28375 27.0519 2330.66
5 105 28640 27.0172 2327.85
5 106 28904 26.9707 2323.63
5 107 29171 26.9192 2318.73
5 108 29433 26.8821 2315.8
5 109 29710 26.8454 2312.58
5 110 29984 26.8009 2308.69
5 111 30261 26.7593 2304.93
5 112 30525 26.6946 2298.52
5 113 30787 26.6432 2293.88
5 114 31046 26.6086 2290.84
5 115 31302 26.5616 2286.66
5 116 31565 26.5155 2282.37
5 117 31827 26.4695 2278.07
5 118 32096 26.4347 2275.26
5 119 32363 26.3798 2270.14
5 120 32636 26.3296 2265.55
5 121 32921 26.2871 2261.93
5 122 33202 26.2351 2257.14
5 123 33470 26.1943 2253.49
5 124 33735 26.1514 2249.5
5 125 34010 26.1167 2246.4
5 126 34284 26.0691 2242
5 127 34570 26.0225 2237.57
5 128 34847 25.9979 2235.42
5 129 35119 25.9732 2233.44
5 130 35386 25.9373 2230.2
5 131 35660 25.9059 2227.36
5 132 35931 25.8608 2223.07
5 133 36206 25.8303 2220.18
5 134 36478 25.8044 2217.88
5 135 36763 25.7741 2215.14
5 136 37048 25.7419 2212.22
5 137 37352 25.7018 2208.2
5 138 37619 25.6678 2205.13
5 139 37883 25.6473 2203.31
5 140 38153 25.6312 2202.1
5 141 38421 25.6078 2200.09
5 142 38686 25.5823 2197.9
5 143 38949 25.5446 2194.22
5 144 39207 25.5168 2191.58
5 145 39469 25.4902 2189.15
5 146 39725 25.4766 2188.11
5 147 39984 25.4372 2184.17
5 148 40252 25.4057 2181.25
5 149 40520 25.3571 2176.28
5 150 40781 25.3221 2172.88
5 151 41064 25.2739 2167.76
5 152 41346 25.2534 2166.1
5 153 41632 25.2191 2162.88
5 154 41912 25.1863 2159.79
5 155 42188 25.1611 2157.55
5 156 42478 25.145 2156.22
5 157 42742 25.1152 2153.31
5 158 43006 25.0872 2150.61
5 159 43277 25.0576 2148.05
5 160 43657 25.0378 2146.29
5 161 43905 24.9999 2142.51
5 162 44154 24.9722 2139.84
5 163 44402 24.9506 2137.7
5 164 44650 24.928 2135.52
5 165 45054 24.9133 2134.49
5 166 45464 24.8882 2132.06
5 167 45723 24.8733 2130.84
5 168 45971 24.8547 2129.28
5 169 46212 24.8343 2127.27
5 170 46448 24.8038 2124.21
5 171 46710 24.784 2122.47
5 172 46959 24.7729 2121.88
5 173 47211 24.7563 2120.43
5 174 47458 24.7287 2117.74
5 175 47696 24.7182 2116.96
5 176 47935 24.7031 2115.62
5 177 48177 24.6865 2114.11
5 178 48414 24.6681 2112.6
5 179 48652 24.6466 2110.66
5 180 48924 24.6259 2108.77
5 181 49161 24.6109 2107.75
5 182 49399 24.5894 2105.9
5 183 49639 24.5697 2104.03
5 184 49876 24.555 2103.02
5 185 50129 24.54 2101.9
5 186 50364 24.5253 2100.65
5 187 50602 24.503 2098.43
5 188 50851 24.4879 2097.21
5 189 51102 24.4833 2097.15
5 190 51358 24.4665 2095.73
5 191 51595 24.4428 2093.56
5 192 51831 24.4333 2093.11
5 193 52085 24.4034 2090.26
5 194 52345 24.3956 2089.94
5 195 52607 24.3836 2089.06
5 196 52875 24.3787 2088.93
5 197 53138 24.3674 2088.06
5 198 53451 24.3419 2085.61
5 199 53742 24.3316 2084.95
5 200 54007 24.3309 2085.16
6 0 0 135.373 10692.3
6 1 257 85.2336 7164.44
6 2 537 72.2039 6343.24
6 3 803 67.4496 6049.27
6 4 1072 64.5532 5848.38
6 5 1350 61.9775 5641.25
6 6 1616 59.5271 5432.21
6 7 1881 57.0675 5209.51
6 8 2150 54.976 5017.91
6 9 2414 53.0567 4838.44
6 10 2670 51.2877 4670.94
6 11 2932 49.6372 4514.11
6 12 3199 48.1739 4374.34
6 13 3464 46.8185 4245.34
6 14 3724 45.663 4134.55
6 15 4003 44.5302 4025.77
6 16 4280 43.5618 3933.12
6 17 4557 42.643 3845.38
6 18 4834 41.6495 3750.51
6 19 5124 40.8373 3673.27
6 20 5404 40.0197 3595.77
6 21 5680 39.294 3527.27
6 22 5953 38.6228 3463.69
6 23 6228 37.9896 3403.47
6 24 6507 37.5296 3359.93
6 25 6785 36.9739 3306.95
6 26 7047 36.4341 3255.42
6 27 7314 35.9308 3207.71
6 28 7580 35.4258 3159.65
6 29 7846 34.9928 3118.82
6 30 8110 34.5974 3081.43
6 31 8374 34.2025 3044.16
6 32 8641 33.8442 3010.83
6 33 8908 33.5718 2985.94
6 34 9174 33.2445 2955.49
6 35 9438 32.9455 2927.81
6 36 9729 32.6509 2899.87
6 37 10005 32.4025 2876.39
6 38 10274 32.147 2852.09
6 39 10541 31.9619 2835.17
6 40 10807 31.706 2811.12
6 41 11074 31.5089 2792.62
6 42 11340 31.2942 2772.7
6 43 11606 31.1022 2755.26
6 44 11878 30.925 2738.89
6 45 12144 30.7614 2724.12
6 46 12410 30.6045 2709.56
6 47 12674 30.4516 2696.14
6 48 12940 30.288 2681.14
6 49 13199 30.0821 2661.74
6 50 13466 29.8943 2644.18
6 51 13731 29.7641 2632.53
6 52 13996 29.6505 2622.26
6 53 14262 29.5293 2610.98
6 54 14527 29.375 2596.54
6 55 14790 29.2691 2586.98
6 56 15052 29.2176 2582.99
6 57 15309 29.0992 2572.08
6 58 15572 29.0238 2565.53
6 59 15832 28.9514 2559.43
6 60 16091 28.8423 2548.98
6 61 16357 28.7419 2539.71
6 62 16615 28.646 2530.8
6 63 16873 28.5473 2521.66
6 64 17137 28.4684 2514.63
6 65 17401 28.3932 2507.54
6 66 17667 28.3292 2501.95
6 67 17934 28.2603 2496.05
6 68 18194 28.1853 2489.06
6 69 18449 28.1132 2482.45
6 70 18720 28.0526 2477.01
6 71 18991 27.9699 2469.25
6 72 19280 27.9113 2464.12
6 73 19554 27.8581 2459.56
6 74 19822 27.7817 2452.32
6 75 20084 27.7107 2445.42
6 76 20352 27.643 2439.17
6 77 20617 27.5579 2431
6 78 20881 27.5003 2426.15
6 79 21145 27.4141 2417.81
6 80 21426 27.3644 2413.49
6 81 21699 27.3546 2413.7
6 82 21986 27.3128 2410.08
6 83 22253 27.2554 2405.02
6 84 22518 27.1889 2398.85
6 85 22779 27.1218 2392.35
6 86 23038 27.0356 2384.2
6 87 23302 26.9944 2380.65
6 88 23575 26.9423 2376.06
6 89 23838 26.9227 2374.91
6 90 24102 26.8912 2372.6
6 91 24369 26.8556 2369.81
6 92 24624 26.8157 2366.31
6 93 24881 26.8031 2365.54
6 94 25138 26.7514 2360.94
6 95 25385 26.7131 2357.71
6 96 25641 26.6783 2354.58
6 97 25892 26.6327 2350.29
6 98 26162 26.5911 2346.48
6 99 26433 26.5585 2344.01
6 100 26700 26.5289 2341.68
6 101 26958 26.5104 2340.66
6 102 27217 26.4835 2338.52
6 103 27484 26.4439 2335.14
6 104 27751 26.4313 2334.38
6 105 28008 26.3955 2331.32
6 106 28307 26.3515 2327.33
6 107 28583 26.309 2323.93
6 108 28862 26.2576 2319.08
6 109 29129 26.2446 2318.1
6 110 29380 26.1965 2313.72
6 111 29636 26.131 2307.55
6 112 29895 26.092 2304.19
6 113 30170 26.0678 2302.5
6 114 30444 26.0567 2301.88
6 115 30712 26.028 2299.33
6 116 30979 25.9942 2296.24
6 117 31246 25.9541 2292.71
6 118 31511 25.9113 2288.7
6 119 31769 25.8865 2286.75
6 120 32024 25.8654 2284.89
6 121 32294 25.8391 2282.65
6 122 32549 25.8341 2282.6
6 123 32801 25.7994 2279.48
6 124 33049 25.7649 2276.12
6 125 33301 25.7315 2273.03
6 126 33565 25.7099 2271.19
6 127 33842 25.6904 2269.57
6 128 34106 25.6556 2266.36
6 129 34382 25.6461 2265.87
6 130 34642 25.6242 2264.02
6 131 34923 25.5747 2258.91
6 132 35192 25.5539 2257.01
6 133 35450 25.5372 2255.58
6 134 35706 25.5266 2255.1
6 135 35965 25.4848 2250.84
6 136 36224 25.4621 2248.95
6 137 36477 25.4209 2244.92
6 138 36740 25.4138 2244.83
6 139 36998 25.4054 2244.26
6 140 37254 25.392 2243.32
6 141 37509 25.3788 2242.13
6 142 37763 25.3586 2240.4
6 143 38045 25.3403 2238.83
6 144 38318 25.3175 2236.82
6 145 38597 25.3007 2235.54
6 146 38857 25.29 2234.85
6 147 39122 25.2667 2232.74
6 148 39379 25.2428 2230.73
6 149 39636 25.214 2227.97
6 150 39892 25.1955 2226.5
6 151 40150 25.1602 2223.03
6 152 40413 25.1464 2221.87
6 153 40680 25.1278 2220.28
6 154 40946 25.1086 2218.68
6 155 41223 25.0954 2217.67
6 156 41498 25.0763 2215.86
6 157 41775 25.0374 2212.04
6 158 42033 25.0221 2210.65
6 159 42306 25.0209 2211.01
6 160 42595 25.0124 2210.28
6 161 42874 24.9865 2208.01
6 162 43135 24.9863 2208.48
6 163 43391 24.9804 2208.27
6 164 43681 24.9638 2206.96
6 165 43956 24.9761 2208.95
6 166 44234 24.9423 2205.76
6 167 44511 24.9313 2205.12
6 168 44774 24.9339 2205.93
6 169 45036 24.9123 2204.24
6 170 45293 24.893 2202.43
6 171 45556 24.8783 2201.19
6 172 45822 24.8625 2199.72
6 173 46102 24.8201 2195.38
6 174 46390 24.8092 2194.46
6 175 46659 24.8033 2194.32
6 176 46940 24.7763 2191.9
6 177 47216 24.7575 2190.44
6 178 47493 24.7445 2189.08
6 179 47759 24.7355 2188.37
6 180 48025 24.7304 2188.56
6 181 48295 24.7176 2187.27
6 182 48557 24.7049 2186.15
6 183 48822 24.6862 2184.4
6 184 49094 24.6848 2184.52
6 185 49372 24.6698 2183.11
6 186 49637 24.6565 2181.9
6 187 49907 24.6418 2180.45
6 188 50161 24.6288 2179.49
6 189 50419 24.6194 2178.74
6 190 50676 24.6358 2180.88
6 191 50933 24.6261 2180.4
6 192 51188 24.6113 2179.05
6 193 51444 24.6108 2179.28
6 194 51699 24.5785 2176.07
6 195 51967 24.5679 2175.23
6 196 52222 24.5563 2174.37
6 197 52482 24.5367 2172.43
6 198 52737 24.535 2172.75
6 199 52993 24.5253 2171.79
6 200 53256 24.5321 2172.77