0 0 0 84.8895 26442.2
0 1 76 64.9082 20350.1
0 2 152 52.4662 16527.8
0 3 229 44.3503 14014
0 4 306 38.796 12281.6
0 5 383 34.8307 11037.1
0 6 459 31.8884 10109.1
0 7 536 29.6343 9394.26
0 8 612 27.8508 8827.29
0 9 689 26.4068 8367.42
0 10 783 25.2136 7985.64
0 11 860 24.2094 7663.9
0 12 936 23.3521 7388.53
0 13 1013 22.6116 7150.69
0 14 1089 21.9656 6942.19
0 15 1166 21.3967 6759.25
0 16 1242 20.8922 6596.45
0 17 1319 20.4418 6451.24
0 18 1396 20.0375 6320.27
0 19 1473 19.6728 6202.17
0 20 1549 19.3422 6095.25
0 21 1625 19.0412 5998.89
0 22 1701 18.7662 5911.14
0 23 1778 18.5142 5830.8
0 24 1854 18.2821 5757.15
0 25 1931 18.0679 5688.54
0 26 2007 17.8696 5625.6
0 27 2083 17.6853 5567.26
0 28 2160 17.5136 5512.95
0 29 2236 17.3533 5463.25
0 30 2312 17.2031 5416.73
0 31 2388 17.0621 5373.15
0 32 2464 16.9295 5332.34
0 33 2541 16.8044 5293.86
0 34 2618 16.6861 5257.56
0 35 2695 16.574 5223.14
0 36 2771 16.4677 5190.7
0 37 2848 16.3667 5159.8
0 38 2925 16.2705 5130.66
0 39 3002 16.1788 5103.32
0 40 3079 16.0912 5076.98
0 41 3156 16.0074 5051.86
0 42 3233 15.9271 5027.87
0 43 3309 15.8502 5004.83
0 44 3386 15.7764 4982.86
0 45 3463 15.7054 4961.96
0 46 3540 15.6371 4942.05
0 47 3617 15.5713 4922.75
0 48 3694 15.508 4904.21
0 49 3771 15.4468 4886.18
0 50 3848 15.3878 4868.92
0 51 3926 15.3307 4852.31
0 52 4010 15.2756 4836.04
0 53 4087 15.2222 4820.29
0 54 4164 15.1705 4805.37
0 55 4241 15.1204 4790.92
0 56 4318 15.0719 4777
0 57 4395 15.0248 4763.53
0 58 4472 14.9791 4750.25
0 59 4549 14.9347 4737.68
0 60 4626 14.8916 4725.23
0 61 4703 14.8496 4712.85
0 62 4781 14.8088 4701
0 63 4858 14.7692 4689.57
0 64 4935 14.7305 4678.34
0 65 5012 14.6929 4667.94
0 66 5088 14.6563 4657.57
0 67 5165 14.6205 4647.28
0 68 5241 14.5857 4637.2
0 69 5318 14.5517 4627.39
0 70 5395 14.5186 4617.72
0 71 5471 14.4862 4608.6
0 72 5548 14.4546 4599.66
0 73 5625 14.4238 4590.87
0 74 5702 14.3936 4582.1
0 75 5778 14.3642 4573.45
0 76 5855 14.3354 4565.52
0 77 5932 14.3072 4557.38
0 78 6009 14.2796 4549.42
0 79 6085 14.2527 4541.83
0 80 6162 14.2262 4534.22
0 81 6238 14.2004 4526.95
0 82 6314 14.1751 4519.75
0 83 6391 14.1503 4512.7
0 84 6468 14.126 4505.67
0 85 6544 14.1022 4499.09
0 86 6621 14.0788 4492.45
0 87 6698 14.0559 4485.95
0 88 6774 14.0335 4479.79
0 89 6850 14.0115 4473.33
0 90 6927 13.9898 4467.03
0 91 7004 13.9686 4461.2
0 92 7080 13.9478 4455.18
0 93 7158 13.9274 4449.46
0 94 7235 13.9073 4443.78
0 95 7311 13.8876 4438.21
0 96 7388 13.8682 4432.59
0 97 7465 13.8491 4427.18
0 98 7541 13.8304 4421.68
0 99 7618 13.812 4416.24
0 100 7694 13.7939 4411.03