0 0 0 135.531 10700.7
0 1 171 109.037 8647.15
0 2 341 90.9983 7235.4
0 3 510 78.3477 6235.87
0 4 678 69.1737 5505.38
0 5 846 62.3301 4957.41
0 6 1016 57.0883 4536.11
0 7 1185 52.9693 4204.36
0 8 1354 49.6671 3938.25
0 9 1521 46.9636 3720.52
0 10 1725 44.7119 3539.35
0 11 1895 42.8093 3386.53
0 12 2068 41.1812 3255.84
0 13 2238 39.7697 3142.9
0 14 2409 38.5359 3044.26
0 15 2581 37.4471 2957.43
0 16 2742 36.4797 2880.23
0 17 2899 35.6141 2811.06
0 18 3066 34.8351 2748.9
0 19 3239 34.1298 2692.8
0 20 3408 33.4891 2641.68
0 21 3577 32.9043 2595.16
0 22 3750 32.3687 2552.52
0 23 3918 31.8767 2513.28
0 24 4087 31.423 2477.27
0 25 4255 31.0034 2443.9
0 26 4425 30.6144 2413.05
0 27 4598 30.2528 2384.49
0 28 4772 29.9158 2357.85
0 29 4942 29.6012 2333.03
0 30 5111 29.3066 2309.77
0 31 5281 29.0303 2287.98
0 32 5452 28.7705 2267.59
0 33 5622 28.5257 2248.5
0 34 5789 28.2947 2230.47
0 35 5960 28.0764 2213.41
0 36 6130 27.8696 2197.36
0 37 6299 27.6734 2182.14
0 38 6469 27.4868 2167.72
0 39 6637 27.3093 2154.1
0 40 6807 27.1401 2141.07
0 41 6980 26.9786 2128.68
0 42 7149 26.8242 2116.88
0 43 7317 26.6764 2105.6
0 44 7487 26.5347 2094.82
0 45 7657 26.3988 2084.56
0 46 7829 26.2682 2074.66
0 47 7996 26.1427 2065.18
0 48 8163 26.0218 2056.11
0 49 8332 25.9053 2047.36
0 50 8502 25.7929 2038.92
0 51 8671 25.6845 2030.83
0 52 8840 25.5798 2023.04
0 53 9010 25.4785 2015.49
0 54 9177 25.3804 2008.25
0 55 9342 25.2855 2001.32
0 56 9508 25.1936 1994.5
0 57 9676 25.1044 1987.96
0 58 9847 25.0179 1981.61
0 59 10019 24.9338 1975.5
0 60 10188 24.8522 1969.52
0 61 10358 24.7729 1963.77
0 62 10558 24.6958 1958.23
0 63 10728 24.6207 1952.79
0 64 10902 24.5477 1947.44
0 65 11071 24.4766 1942.27
0 66 11239 24.4073 1937.27
0 67 11409 24.3397 1932.39
0 68 11582 24.2739 1927.69
0 69 11753 24.2096 1923.12
0 70 11923 24.1469 1918.6
0 71 12093 24.0858 1914.21
0 72 12261 24.026 1910.02
0 73 12427 23.9677 1905.87
0 74 12598 23.9106 1901.83
0 75 12766 23.8549 1897.87
0 76 12932 23.8004 1894.02
0 77 13100 23.7471 1890.2
0 78 13270 23.6949 1886.51
0 79 13438 23.6439 1882.9
0 80 13607 23.594 1879.33
0 81 13777 23.5451 1875.87
0 82 13944 23.4972 1872.5
0 83 14114 23.4503 1869.2
0 84 14286 23.4043 1865.98
0 85 14458 23.3592 1862.78
0 86 14628 23.3151 1859.74
0 87 14796 23.2718 1856.7
0 88 14964 23.2293 1853.73
0 89 15132 23.1876 1850.83
0 90 15302 23.1467 1848
0 91 15471 23.1066 1845.22
0 92 15640 23.0673 1842.49
0 93 15809 23.0286 1839.83
0 94 15978 22.9906 1837.18
0 95 16150 22.9534 1834.6
0 96 16321 22.9167 1832.06
0 97 16492 22.8808 1829.56
0 98 16663 22.8454 1827.13
0 99 16830 22.8106 1824.75
0 100 17001 22.7765 1822.38