1 0 0 135.531 10700.7
1 1 440 91.5299 7330.22
1 2 913 73.7544 5950.19
1 3 1387 64.0864 5188.97
1 4 1870 57.948 4697.53
1 5 2352 53.545 4343.32
1 6 2829 50.2202 4074.7
1 7 3377 47.6515 3866.2
1 8 3861 45.5645 3695.25
1 9 4486 43.8306 3552.66
1 10 5116 42.3668 3434.88
1 11 5680 41.0956 3333.68
1 12 6169 39.982 3241.32
1 13 6674 38.9897 3159.62
1 14 7325 38.1327 3090.38
1 15 7952 37.3741 3030.61
1 16 8593 36.6659 2972.92
1 17 9120 36.0243 2922.02
1 18 9646 35.4408 2873.39
1 19 10145 34.9023 2829.61
1 20 10641 34.3922 2787.22
1 21 11130 33.9294 2748.67
1 22 11667 33.4921 2711.69
1 23 12161 33.0871 2677.71
1 24 12655 32.7123 2647.09
1 25 13147 32.3623 2618.64
1 26 13635 32.0245 2590.6
1 27 14134 31.7143 2564.07
1 28 14619 31.4224 2539.47
1 29 15111 31.14 2516.12
1 30 15567 30.8736 2492.8
1 31 16030 30.6223 2471.68
1 32 16505 30.3832 2452.03
1 33 16960 30.1584 2433.01
1 34 17467 29.946 2415.77
1 35 18113 29.7462 2399.33
1 36 18642 29.5592 2384.46
1 37 19120 29.3766 2369.68
1 38 19631 29.1986 2354.57
1 39 20113 29.0226 2338.93
1 40 20705 28.8574 2325.08
1 41 21188 28.6988 2311.97
1 42 21696 28.5536 2300.31
1 43 22190 28.3976 2286.32
1 44 22731 28.2565 2274.44
1 45 23295 28.1221 2263.13
1 46 23823 27.9965 2253.37
1 47 24368 27.868 2242.53
1 48 24881 27.7457 2232.76
1 49 25409 27.6283 2223.51
1 50 25936 27.5182 2215.17
1 51 26423 27.41 2206.45
1 52 26937 27.307 2198.44
1 53 27417 27.2088 2190.66
1 54 27897 27.1089 2182.62
1 55 28371 27.0195 2176.14
1 56 28840 26.9277 2168.83
1 57 29362 26.8435 2162.46
1 58 29836 26.7525 2154.93
1 59 30311 26.6602 2146.44
1 60 30781 26.5741 2139.22
1 61 31254 26.4928 2132.94
1 62 31731 26.4079 2125.5
1 63 32198 26.3336 2119.76
1 64 32668 26.2596 2113.9
1 65 33136 26.1852 2107.7
1 66 33602 26.1187 2102.82
1 67 34070 26.0503 2097.26
1 68 34540 25.983 2091.9
1 69 35059 25.92 2087.08
1 70 35531 25.8598 2082.79
1 71 36002 25.7979 2077.83
1 72 36472 25.7353 2072.74
1 73 36968 25.675 2067.95
1 74 37427 25.6168 2063.64
1 75 37877 25.5589 2058.93
1 76 38384 25.4995 2054.05
1 77 38866 25.4472 2050.12
1 78 39345 25.3924 2045.82
1 79 39816 25.3434 2042.64
1 80 40327 25.2897 2038.1
1 81 40805 25.2399 2034.28
1 82 41284 25.1872 2029.72
1 83 41754 25.1385 2026.1
1 84 42227 25.0867 2021.73
1 85 42702 25.0359 2017.54
1 86 43178 24.9932 2014.71
1 87 43648 24.9475 2011.22
1 88 44117 24.9028 2007.57
1 89 44630 24.8591 2004.04
1 90 45108 24.816 2000.71
1 91 45578 24.7746 1997.93
1 92 46048 24.7356 1995.41
1 93 46525 24.6931 1991.98
1 94 46995 24.6543 1989.16
1 95 47464 24.6163 1986.51
1 96 47936 24.5765 1983.24
1 97 48407 24.5362 1979.81
1 98 48876 24.4997 1977.39
1 99 49345 24.4636 1974.71
1 100 49826 24.4277 1971.89
1 101 50298 24.3929 1969.48
1 102 50765 24.3565 1966.52
1 103 51235 24.3226 1963.95
1 104 51698 24.2909 1962.05
1 105 52163 24.2597 1960.39
1 106 52623 24.2261 1957.9
1 107 53099 24.1934 1955.54
1 108 53580 24.1572 1952.43
1 109 54049 24.1246 1949.93
1 110 54519 24.0926 1947.59
1 111 54988 24.0615 1945.23
1 112 55457 24.0295 1942.59
1 113 55926 23.9992 1940.33
1 114 56399 23.9667 1937.5
1 115 56876 23.9398 1935.59
1 116 57344 23.9121 1933.71
1 117 57812 23.8809 1931.02
1 118 58285 23.8524 1928.81
1 119 58752 23.8247 1926.66
1 120 59260 23.7986 1925.06
1 121 59818 23.7733 1923.29
1 122 60298 23.7483 1921.53
1 123 60811 23.7216 1919.61
1 124 61284 23.6949 1917.66
1 125 61759 23.67 1916.25
1 126 62240 23.6431 1914.19
1 127 62715 23.6174 1912.17
1 128 63184 23.5961 1911.11
1 129 63652 23.572 1909.41
1 130 64130 23.5497 1908.24
1 131 64605 23.5239 1906.19
1 132 65074 23.504 1905.45
1 133 65534 23.4797 1903.76
1 134 65989 23.456 1902.06
1 135 66447 23.4325 1900.33
1 136 66932 23.4102 1898.76
1 137 67390 23.3876 1897.23
1 138 67855 23.3659 1895.47
1 139 68325 23.3438 1894
1 140 68808 23.3214 1892.24
1 141 69288 23.2994 1890.58
1 142 69763 23.2767 1888.66
1 143 70247 23.2559 1887.21
1 144 70719 23.2378 1886.02
1 145 71196 23.2175 1884.56
1 146 71679 23.1988 1883.62
1 147 72156 23.1794 1882.34
1 148 72631 23.1611 1881.28
1 149 73116 23.1434 1880.33
1 150 73588 23.1256 1879.2
1 151 74056 23.1061 1877.75
1 152 74528 23.0888 1876.78
1 153 74999 23.0686 1875.17
1 154 75502 23.0484 1873.38
1 155 75975 23.0316 1872.43
1 156 76447 23.0126 1870.79
1 157 76918 22.9913 1868.88
1 158 77387 22.9734 1867.58
1 159 77857 22.9565 1866.48
1 160 78329 22.939 1865.23
1 161 78808 22.9223 1864.15
1 162 79274 22.9061 1863.05
1 163 79738 22.8918 1862.46
1 164 80205 22.8731 1860.85
1 165 80677 22.8554 1859.5
1 166 81146 22.839 1858.53
1 167 81615 22.8256 1858
1 168 82086 22.8093 1856.79
1 169 82557 22.7916 1855.43
1 170 83026 22.7742 1853.81
1 171 83496 22.7595 1852.78
1 172 83967 22.743 1851.53
1 173 84436 22.7266 1850.24
1 174 84903 22.7119 1849.17
1 175 85375 22.6992 1848.52
1 176 85844 22.6851 1847.66
1 177 86419 22.6696 1846.62
1 178 86900 22.6566 1846.07
1 179 87371 22.6425 1845.14
1 180 87839 22.6285 1844.31
1 181 88301 22.6136 1843.17
1 182 88768 22.5967 1841.42
1 183 89283 22.5812 1839.96
1 184 89774 22.5682 1839.29
1 185 90255 22.5539 1838.13
1 186 90769 22.54 1837.14
1 187 91231 22.5253 1836.01
1 188 91698 22.5104 1834.77
1 189 92175 22.4994 1834.24
1 190 92617 22.4896 1834.09
1 191 93058 22.4757 1833.02
1 192 93572 22.4626 1832.07
1 193 94046 22.4506 1831.37
1 194 94489 22.4399 1830.92
1 195 94962 22.4276 1830.1
1 196 95458 22.4161 1829.38
1 197 95921 22.4011 1827.97
1 198 96398 22.3907 1827.46
1 199 96907 22.3765 1826.28
1 200 97390 22.3665 1825.87
2 0 0 135.531 10700.7
2 1 448 79.6474 6490.59
2 2 974 63.2497 5243.47
2 3 1452 55.5839 4644.71
2 4 1935 50.7945 4253.86
2 5 2411 47.4427 3974.91
2 6 2891 44.9151 3763.83
2 7 3367 42.8479 3588.85
2 8 3842 41.1614 3445.52
2 9 4319 39.7108 3320.63
2 10 4796 38.4943 3217.68
2 11 5279 37.4064 3122.37
2 12 5754 36.5086 3047.96
2 13 6228 35.6638 2973.96
2 14 6705 34.923 2910.22
2 15 7178 34.2764 2853.39
2 16 7651 33.7043 2804.13
2 17 8129 33.2065 2763.38
2 18 8705 32.7268 2722.85
2 19 9213 32.3145 2689.07
2 20 9744 31.896 2652.57
2 21 10236 31.5102 2618.42
2 22 10716 31.1804 2590.31
2 23 11225 30.8449 2560.39
2 24 11709 30.5416 2534.04
2 25 12222 30.2507 2508.31
2 26 12777 29.9917 2486.03
2 27 13284 29.7656 2467.54
2 28 13772 29.5196 2445.01
2 29 14299 29.2727 2422.25
2 30 14792 29.0478 2401.7
2 31 15270 28.8529 2384.76
2 32 15750 28.654 2367.05
2 33 16229 28.4802 2352.43
2 34 16702 28.3028 2336.49
2 35 17220 28.1434 2322.76
2 36 17703 27.9756 2307.24
2 37 18180 27.8255 2294.37
2 38 18632 27.6866 2282.58
2 39 19101 27.5321 2268.33
2 40 19555 27.3917 2255.91
2 41 20023 27.2595 2243.84
2 42 20504 27.1366 2233.23
2 43 20980 27.0186 2223.23
2 44 21455 26.9099 2214.59
2 45 21930 26.8084 2207.16
2 46 22405 26.7032 2198.39
2 47 22876 26.5879 2187.68
2 48 23403 26.4995 2181.28
2 49 23882 26.4097 2174.37
2 50 24356 26.3049 2164.88
2 51 24836 26.2159 2157.27
2 52 25315 26.126 2149.49
2 53 25826 26.0404 2142.14
2 54 26344 25.9598 2135.57
2 55 26819 25.8815 2128.87
2 56 27344 25.8074 2122.51
2 57 27829 25.7281 2115.32
2 58 28329 25.6549 2109.37
2 59 28846 25.5984 2105.51
2 60 29458 25.5277 2099.27
2 61 29977 25.462 2093.73
2 62 30466 25.3972 2088.59
2 63 31012 25.3272 2082.57
2 64 31528 25.2595 2076.51
2 65 32144 25.1977 2071.65
2 66 32676 25.1322 2065.85
2 67 33176 25.0741 2061.13
2 68 33659 25.0181 2056.79
2 69 34191 24.9657 2052.61
2 70 34681 24.907 2047.33
2 71 35162 24.8511 2042.65
2 72 35641 24.7937 2037.56
2 73 36117 24.7462 2034.25
2 74 36617 24.6939 2029.61
2 75 37060 24.6401 2024.56
2 76 37545 24.5994 2021.91
2 77 38026 24.5599 2019.3
2 78 38501 24.5132 2015.47
2 79 38983 24.4711 2012.24
2 80 39459 24.4275 2008.96
2 81 39941 24.3818 2005.29
2 82 40419 24.3453 2002.89
2 83 40896 24.304 1999.63
2 84 41371 24.2655 1996.85
2 85 41858 24.2257 1994
2 86 42354 24.1825 1990.5
2 87 42834 24.14 1986.73
2 88 43314 24.1062 1984.48
2 89 43799 24.0698 1981.68
2 90 44278 24.0343 1979.24
2 91 44756 23.9924 1975.63
2 92 45237 23.955 1972.56
2 93 45714 23.933 1971.75
2 94 46192 23.8972 1968.74
2 95 46672 23.8642 1966.15
2 96 47148 23.8359 1964.32
2 97 47625 23.8033 1961.67
2 98 48109 23.77 1958.9
2 99 48586 23.7386 1956.4
2 100 49063 23.7095 1954.31
2 101 49535 23.679 1952.14
2 102 50008 23.6471 1949.67
2 103 50471 23.6251 1948.46
2 104 50948 23.5998 1946.61
2 105 51426 23.5724 1944.8
2 106 51901 23.5397 1942.23
2 107 52377 23.5087 1939.74
2 108 52906 23.4785 1937.32
2 109 53385 23.4514 1935.31
2 110 53861 23.4255 1933.53
2 111 54338 23.402 1931.85
2 112 54830 23.3738 1929.42
2 113 55316 23.3564 1928.7
2 114 55800 23.333 1927.26
2 115 56274 23.3123 1926.09
2 116 56751 23.2842 1923.95
2 117 57226 23.2645 1922.67
2 118 57701 23.2373 1920.46
2 119 58176 23.2158 1918.97
2 120 58637 23.1919 1917.3
2 121 59107 23.1673 1915.39
2 122 59579 23.1445 1913.65
2 123 60053 23.1188 1911.55
2 124 60530 23.0957 1909.68
2 125 61003 23.0818 1909.14
2 126 61473 23.0618 1907.79
2 127 61945 23.0442 1906.64
2 128 62420 23.0215 1905.03
2 129 62895 23.0021 1903.57
2 130 63373 22.9818 1902.22
2 131 63851 22.9602 1900.63
2 132 64327 22.9411 1899.47
2 133 64809 22.9205 1897.98
2 134 65286 22.8972 1895.89
2 135 65761 22.881 1895
2 136 66237 22.8648 1894.09
2 137 66714 22.8503 1893.34
2 138 67190 22.8301 1891.69
2 139 67665 22.8119 1890.25
2 140 68121 22.7966 1889.33
2 141 68579 22.7784 1888.07
2 142 69046 22.7577 1886.14
2 143 69522 22.7443 1885.38
2 144 69998 22.7235 1883.59
2 145 70473 22.705 1882.2
2 146 70951 22.6846 1880.38
2 147 71422 22.6729 1879.98
2 148 71899 22.6582 1879.24
2 149 72375 22.645 1878.57
2 150 72851 22.6289 1877.52
2 151 73328 22.6149 1876.57
2 152 73804 22.6035 1876.15
2 153 74279 22.5906 1875.45
2 154 74756 22.5703 1873.63
2 155 75233 22.5556 1872.72
2 156 75709 22.5395 1871.58
2 157 76227 22.5275 1870.86
2 158 76710 22.5111 1869.35
2 159 77188 22.497 1868.39
2 160 77658 22.4804 1867.12
2 161 78112 22.4606 1865.33
2 162 78567 22.4484 1864.69
2 163 79037 22.4323 1863.44
2 164 79502 22.4202 1862.71
2 165 79954 22.4046 1861.45
2 166 80392 22.3917 1860.68
2 167 80850 22.3825 1860.47
2 168 81308 22.3675 1859.36
2 169 81745 22.352 1858.09
2 170 82184 22.3408 1857.61
2 171 82659 22.3299 1856.98
2 172 83134 22.3132 1855.43
2 173 83606 22.2984 1854.16
2 174 84081 22.2851 1853.07
2 175 84557 22.2706 1851.88
2 176 85010 22.258 1851.12
2 177 85452 22.2474 1850.6
2 178 85905 22.234 1849.45
2 179 86357 22.2218 1848.58
2 180 86842 22.2119 1848.2
2 181 87318 22.198 1847.13
2 182 87793 22.1845 1845.97
2 183 88269 22.1712 1844.99
2 184 88744 22.1591 1844.18
2 185 89219 22.1495 1843.73
2 186 89695 22.1432 1843.73
2 187 90170 22.1284 1842.39
2 188 90646 22.1143 1841.21
2 189 91122 22.1024 1840.35
2 190 91602 22.0896 1839.14
2 191 92078 22.0795 1838.55
2 192 92553 22.0662 1837.5
2 193 93027 22.0547 1836.57
2 194 93500 22.0438 1835.81
2 195 93976 22.0327 1835.11
2 196 94449 22.0212 1834.12
2 197 94926 22.0127 1833.84
2 198 95411 22.0036 1833.33
2 199 95882 21.9927 1832.48
2 200 96358 21.98 1831.28
3 0 0 135.531 10700.7
3 1 448 69.6826 5868.46
3 2 928 57.285 4929.84
3 3 1411 51.6487 4475.93
3 4 1889 47.7916 4139.17
3 5 2369 44.8878 3880.4
3 6 2849 42.5212 3665.95
3 7 3329 40.5275 3483.54
3 8 3808 38.9603 3342.08
3 9 4288 37.6192 3220.21
3 10 4768 36.4395 3112.63
3 11 5249 35.4946 3028.34
3 12 5724 34.6991 2959.06
3 13 6189 33.939 2890.47
3 14 6643 33.3234 2836.7
3 15 7097 32.7821 2789.83
3 16 7558 32.2502 2741.52
3 17 8035 31.8207 2705.14
3 18 8515 31.389 2666
3 19 8995 31.0019 2631.47
3 20 9473 30.6285 2596.96
3 21 9952 30.336 2571.71
3 22 10430 30.0594 2548.59
3 23 10927 29.7856 2524.29
3 24 11418 29.5256 2501.21
3 25 11900 29.3032 2482.05
3 26 12382 29.0495 2457.51
3 27 12861 28.8305 2437.14
3 28 13340 28.632 2419.69
3 29 13820 28.4207 2399.39
3 30 14299 28.2364 2382.6
3 31 14786 28.0825 2369.9
3 32 15267 27.9085 2353.83
3 33 15745 27.7569 2339.85
3 34 16220 27.6415 2330.67
3 35 16683 27.5151 2319.63
3 36 17149 27.3606 2305.15
3 37 17627 27.2326 2293.48
3 38 18106 27.0839 2279.09
3 39 18589 26.9455 2265.68
3 40 19061 26.8177 2253.88
3 41 19521 26.7092 2244.32
3 42 19980 26.5903 2233.16
3 43 20452 26.4828 2223.39
3 44 20928 26.3664 2212.24
3 45 21407 26.2739 2204.03
3 46 21891 26.1762 2195.53
3 47 22369 26.0723 2185.53
3 48 22845 25.9985 2179.86
3 49 23325 25.9034 2170.86
3 50 23802 25.8262 2164.15
3 51 24280 25.7317 2155.64
3 52 24751 25.6421 2147.28
3 53 25219 25.5575 2139.87
3 54 25699 25.4901 2134.35
3 55 26181 25.4176 2128.29
3 56 26661 25.3606 2124.01
3 57 27139 25.297 2118.7
3 58 27618 25.2266 2112.76
3 59 28098 25.1732 2108.68
3 60 28575 25.1012 2102.19
3 61 29054 25.0384 2096.8
3 62 29537 24.9943 2094.06
3 63 30017 24.947 2090.25
3 64 30494 24.8725 2083.29
3 65 30972 24.8111 2077.59
3 66 31452 24.753 2072.52
3 67 31932 24.7019 2068.32
3 68 32409 24.6483 2063.56
3 69 32886 24.6086 2060.92
3 70 33360 24.5676 2058.06
3 71 33839 24.5123 2053.43
3 72 34314 24.478 2051.15
3 73 34793 24.4252 2046.19
3 74 35272 24.3809 2042.36
3 75 35751 24.3439 2039.7
3 76 36236 24.2907 2034.6
3 77 36718 24.2436 2030.27
3 78 37197 24.1969 2025.89
3 79 37677 24.172 2025.08
3 80 38158 24.1333 2021.93
3 81 38637 24.0909 2018.26
3 82 39116 24.0604 2016.2
3 83 39594 24.0167 2012.48
3 84 40071 23.985 2009.81
3 85 40553 23.949 2006.76
3 86 41025 23.9289 2005.96
3 87 41504 23.8951 2003.06
3 88 41980 23.8559 1999.61
3 89 42441 23.835 1998.58
3 90 42920 23.7993 1995.34
3 91 43399 23.7599 1991.58
3 92 43913 23.7355 1989.95
3 93 44402 23.708 1987.91
3 94 44883 23.6757 1985.01
3 95 45362 23.6343 1981.32
3 96 45838 23.6008 1978.41
3 97 46313 23.5683 1975.67
3 98 46792 23.536 1972.82
3 99 47279 23.5116 1971.06
3 100 47762 23.4921 1969.87
3 101 48240 23.4732 1969.05
3 102 48720 23.4362 1965.67
3 103 49199 23.412 1963.9
3 104 49677 23.3813 1961.31
3 105 50154 23.3713 1961.51
3 106 50643 23.3409 1958.64
3 107 51119 23.317 1956.83
3 108 51591 23.2854 1953.57
3 109 52048 23.257 1951.33
3 110 52525 23.2431 1950.52
3 111 53002 23.2216 1948.91
3 112 53482 23.1963 1946.86
3 113 53961 23.1797 1945.84
3 114 54439 23.1546 1943.77
3 115 54918 23.1299 1941.79
3 116 55396 23.1048 1939.6
3 117 55875 23.0859 1938.46
3 118 56353 23.062 1936.56
3 119 56833 23.0506 1936.29
3 120 57312 23.0291 1934.48
3 121 57794 23.0141 1933.68
3 122 58274 23.0013 1933.01
3 123 58754 22.9798 1931.17
3 124 59234 22.9586 1929.29
3 125 59715 22.9352 1927.54
3 126 60195 22.9116 1925.53
3 127 60674 22.8941 1924.21
3 128 61156 22.8828 1923.67
3 129 61635 22.8664 1922.47
3 130 62113 22.8424 1920.57
3 131 62592 22.8298 1920.01
3 132 63071 22.8119 1918.83
3 133 63549 22.7929 1917.22
3 134 64027 22.7741 1915.74
3 135 64509 22.7608 1915.09
3 136 64989 22.7506 1914.71
3 137 65466 22.7335 1913.45
3 138 65945 22.7133 1911.77
3 139 66425 22.6928 1910.1
3 140 66904 22.6697 1907.93
3 141 67383 22.6571 1907.19
3 142 67866 22.6396 1905.79
3 143 68347 22.618 1903.88
3 144 68826 22.5985 1902.25
3 145 69301 22.5893 1902.11
3 146 69777 22.5829 1902.1
3 147 70255 22.5652 1900.53
3 148 70721 22.5499 1899.51
3 149 71184 22.5389 1898.83
3 150 71650 22.5268 1898.18
3 151 72129 22.511 1896.89
3 152 72609 22.5024 1896.52
3 153 73088 22.4936 1896.08
3 154 73563 22.4753 1894.9
3 155 74043 22.4513 1892.39
3 156 74545 22.4391 1891.54
3 157 75040 22.4164 1889.19
3 158 75523 22.41 1889.29
3 159 76002 22.3934 1888
3 160 76482 22.3814 1887.13
3 161 76963 22.3695 1886.53
3 162 77442 22.3552 1885.46
3 163 77928 22.3506 1885.73
3 164 78409 22.3332 1884.08
3 165 78890 22.3179 1882.94
3 166 79369 22.3096 1882.77
3 167 79848 22.2996 1882.08
3 168 80327 22.2961 1882.54
3 169 80805 22.2884 1882.31
3 170 81283 22.2715 1880.79
3 171 81761 22.2561 1879.65
3 172 82240 22.2434 1878.68
3 173 82719 22.2372 1878.53
3 174 83190 22.2321 1878.52
3 175 83668 22.2149 1877.02
3 176 84152 22.2016 1875.94
3 177 84630 22.1866 1874.56
3 178 85111 22.1726 1873.03
3 179 85590 22.1616 1872.39
3 180 86071 22.1498 1871.6
3 181 86550 22.1392 1870.93
3 182 87029 22.1182 1868.66
3 183 87509 22.1042 1867.48
3 184 87990 22.0975 1867.22
3 185 88470 22.0906 1867.2
3 186 88949 22.0838 1866.79
3 187 89429 22.0737 1866.11
3 188 89908 22.0697 1866.2
3 189 90385 22.049 1864.2
3 190 90854 22.0463 1864.52
3 191 91311 22.032 1863.16
3 192 91790 22.0223 1862.44
3 193 92268 22.0145 1862.09
3 194 92748 22.0032 1861.11
3 195 93227 21.979 1858.37
3 196 93705 21.9629 1856.84
3 197 94187 21.9565 1856.66
3 198 94667 21.951 1856.38
3 199 95146 21.9415 1855.61
3 200 95626 21.9387 1855.83
4 0 0 135.531 10700.7
4 1 469 62.0131 5383
4 2 954 53.3732 4693.09
4 3 1443 48.2577 4236.09
4 4 1923 44.2612 3868.02
4 5 2405 41.4449 3610.49
4 6 2884 39.2623 3412.07
4 7 3373 37.5634 3258.79
4 8 3856 36.2749 3145.27
4 9 4336 35.1954 3050.79
4 10 4931 34.2568 2966.38
4 11 5415 33.4825 2897.77
4 12 5917 32.7707 2832.55
4 13 6404 32.226 2785.45
4 14 6889 31.7173 2740.75
4 15 7434 31.2749 2701.12
4 16 7930 30.8262 2659.99
4 17 8416 30.4516 2626.48
4 18 8942 30.0904 2593.72
4 19 9433 29.7085 2558.26
4 20 9922 29.4044 2530.6
4 21 10445 29.1178 2503.83
4 22 10952 28.8692 2482.44
4 23 11431 28.6051 2458.74
4 24 11905 28.4029 2441.12
4 25 12402 28.1412 2415.72
4 26 12914 27.9836 2402.58
4 27 13416 27.8186 2387.89
4 28 13905 27.6907 2377.25
4 29 14392 27.5472 2365.04
4 30 14878 27.3798 2350.18
4 31 15353 27.2287 2336.63
4 32 15840 27.1 2325.16
4 33 16326 26.9315 2308.6
4 34 16858 26.8026 2296.16
4 35 17351 26.7087 2287.71
4 36 17840 26.5654 2273.73
4 37 18331 26.48 2265.97
4 38 18819 26.3483 2253.13
4 39 19306 26.2317 2241.76
4 40 19794 26.1124 2229.99
4 41 20274 26.0082 2220.65
4 42 20763 25.9356 2214.39
4 43 21244 25.8644 2208.19
4 44 21724 25.7688 2198.86
4 45 22206 25.7044 2193.24
4 46 22688 25.6185 2185.15
4 47 23169 25.549 2178.55
4 48 23651 25.4628 2170.06
4 49 24135 25.3927 2163.6
4 50 24615 25.3132 2156.07
4 51 25095 25.2706 2153.88
4 52 25576 25.1955 2146.85
4 53 26057 25.1418 2142.03
4 54 26538 25.1039 2139.64
4 55 27016 25.0215 2131.67
4 56 27499 24.9441 2123.64
4 57 28029 24.8929 2118.87
4 58 28513 24.8188 2111.51
4 59 28999 24.7793 2108.77
4 60 29501 24.704 2101
4 61 30008 24.6358 2094.7
4 62 30492 24.5854 2090.33
4 63 30979 24.5523 2087.85
4 64 31464 24.5065 2083.93
4 65 31953 24.4806 2082.4
4 66 32484 24.4295 2077.58
4 67 32977 24.3771 2072.75
4 68 33462 24.322 2067.29
4 69 33944 24.3011 2066.1
4 70 34455 24.2741 2064.5
4 71 34956 24.252 2063.54
4 72 35446 24.2176 2060.47
4 73 35929 24.1703 2056.02
4 74 36413 24.1445 2054.33
4 75 36896 24.0959 2049.98
4 76 37377 24.0646 2047.22
4 77 37863 24.0175 2042.7
4 78 38346 24.0003 2041.33
4 79 38877 23.9682 2038.7
4 80 39370 23.9516 2038.12
4 81 39845 23.913 2034.88
4 82 40314 23.8681 2030.49
4 83 40793 23.8469 2028.75
4 84 41275 23.82 2026.4
4 85 41756 23.7844 2022.94
4 86 42239 23.7519 2019.77
4 87 42719 23.7376 2018.57
4 88 43190 23.7091 2015.63
4 89 43669 23.6911 2014.49
4 90 44147 23.6633 2012.13
4 91 44629 23.6437 2011.18
4 92 45113 23.6139 2008.31
4 93 45601 23.5654 2002.79
4 94 46084 23.5444 2001.16
4 95 46563 23.5343 2000.86
4 96 47083 23.4973 1997.02
4 97 47571 23.4587 1993.14
4 98 48055 23.4205 1988.91
4 99 48541 23.3936 1986.15
4 100 49005 23.3744 1984.31
4 101 49476 23.3692 1984.64
4 102 49956 23.3615 1984.44
4 103 50437 23.3347 1981.63
4 104 50924 23.3088 1979.49
4 105 51407 23.2856 1977.58
4 106 51887 23.2802 1977.69
4 107 52372 23.2631 1976.09
4 108 52855 23.243 1974.37
4 109 53335 23.2339 1973.87
4 110 53820 23.2192 1972.93
4 111 54304 23.1975 1970.69
4 112 54787 23.1837 1969.76
4 113 55271 23.1488 1965.96
4 114 55753 23.1308 1964.62
4 115 56235 23.1318 1965.39
4 116 56718 23.1169 1964.4
4 117 57198 23.1 1963.18
4 118 57681 23.0797 1961.62
4 119 58165 23.0705 1961.4
4 120 58645 23.0485 1959.54
4 121 59127 23.0184 1956.65
4 122 59612 22.9895 1953.64
4 123 60093 22.9818 1953.51
4 124 60574 22.9675 1952.39
4 125 61056 22.9554 1951.23
4 126 61536 22.9287 1948.68
4 127 62017 22.9112 1947.36
4 128 62496 22.8755 1943.56
4 129 62977 22.8573 1941.98
4 130 63459 22.835 1939.77
4 131 63940 22.8274 1939.73
4 132 64470 22.8262 1940.19
4 133 64929 22.7951 1936.86
4 134 65383 22.7876 1936.74
4 135 65864 22.7835 1936.93
4 136 66350 22.7473 1933.42
4 137 66832 22.7286 1932.03
4 138 67314 22.7254 1932.07
4 139 67792 22.7238 1932.57
4 140 68282 22.6892 1928.86
4 141 68764 22.6834 1928.67
4 142 69245 22.666 1927.09
4 143 69725 22.6588 1927.02
4 144 70208 22.6513 1926.72
4 145 70691 22.6441 1926.54
4 146 71170 22.6286 1925.2
4 147 71652 22.6139 1923.77
4 148 72131 22.6032 1922.88
4 149 72616 22.5916 1922.31
4 150 73096 22.573 1920.56
4 151 73579 22.5411 1917.14
4 152 74060 22.5229 1915.49
4 153 74542 22.5059 1914.14
4 154 75022 22.4937 1913.06
4 155 75502 22.4779 1911.67
4 156 75983 22.4595 1909.55
4 157 76451 22.4465 1908.49
4 158 76919 22.4368 1907.77
4 159 77364 22.4259 1907.26
4 160 77817 22.4227 1907.04
4 161 78282 22.4145 1906.53
4 162 78766 22.4065 1906.38
4 163 79248 22.4003 1906.2
4 164 79729 22.3908 1905.41
4 165 80209 22.388 1905.5
4 166 80694 22.3871 1905.95
4 167 81176 22.3796 1905.43
4 168 81655 22.3654 1904.27
4 169 82121 22.3608 1904.31
4 170 82602 22.3487 1903.54
4 171 83083 22.3262 1901
4 172 83566 22.3268 1901.66
4 173 84049 22.3343 1902.89
4 174 84531 22.3172 1901.57
4 175 85018 22.2987 1899.64
4 176 85499 22.2766 1897.37
4 177 85980 22.2537 1894.69
4 178 86463 22.2478 1894.48
4 179 86992 22.2323 1893
4 180 87480 22.2152 1891.07
4 181 87962 22.2049 1890.01
4 182 88446 22.1965 1889.35
4 183 88936 22.189 1888.78
4 184 89415 22.1846 1888.81
4 185 89878 22.179 1888.74
4 186 90356 22.1872 1890.3
4 187 90967 22.176 1889.43
4 188 91455 22.156 1886.95
4 189 91987 22.1566 1887.13
4 190 92484 22.1415 1885.87
4 191 92970 22.1386 1886.01
4 192 93460 22.1279 1885.23
4 193 93993 22.1129 1883.72
4 194 94512 22.0911 1881.28
4 195 95003 22.079 1880.32
4 196 95550 22.0785 1880.46
4 197 96047 22.0783 1880.93
4 198 96529 22.0698 1880.27
4 199 97014 22.0572 1878.96
4 200 97538 22.032 1876.26
5 0 0 135.531 10700.7
5 1 464 58.9689 5263.12
5 2 938 50.9909 4546.3
5 3 1424 45.7367 4052.18
5 4 1905 41.8544 3689.44
5 5 2387 39.2346 3448.93
5 6 2871 37.1312 3256.05
5 7 3351 35.6535 3123.2
5 8 3831 34.288 2996.31
5 9 4314 33.3797 2916.34
5 10 4797 32.6573 2853.42
5 11 5276 31.803 2772.87
5 12 5759 31.2925 2728.7
5 13 6243 30.8701 2692.56
5 14 6725 30.4686 2656.9
5 15 7213 29.9927 2611.1
5 16 7697 29.6664 2582.98
5 17 8179 29.3717 2555.98
5 18 8662 28.9942 2519.93
5 19 9154 28.7493 2497.87
5 20 9638 28.4771 2472.4
5 21 10123 28.2366 2449.7
5 22 10605 28.0095 2427.6
5 23 11110 27.7683 2404.65
5 24 11606 27.6368 2393.4
5 25 12093 27.5205 2383.98
5 26 12583 27.3891 2373.08
5 27 13067 27.2531 2361.1
5 28 13550 27.1063 2346.78
5 29 14044 26.9779 2335.04
5 30 14522 26.8437 2322.64
5 31 15030 26.6824 2306.44
5 32 15611 26.5434 2292.16
5 33 16100 26.4733 2286.65
5 34 16623 26.3579 2275.71
5 35 17129 26.2508 2265.19
5 36 17611 26.1931 2260.7
5 37 18095 26.0914 2251.64
5 38 18580 25.9757 2240.42
5 39 19066 25.9293 2236.68
5 40 19552 25.8378 2227.36
5 41 20081 25.7518 2218.75
5 42 20573 25.6903 2213.15
5 43 21045 25.6307 2207.3
5 44 21496 25.5563 2200.67
5 45 22025 25.4659 2191.91
5 46 22529 25.3788 2183.77
5 47 23017 25.3678 2183.92
5 48 23507 25.3458 2182.48
5 49 23997 25.2976 2178.44
5 50 24492 25.2351 2172.91
5 51 25014 25.1747 2167.49
5 52 25530 25.1278 2163.48
5 53 26026 25.0566 2156.98
5 54 26515 25.017 2153.56
5 55 27019 24.9439 2146.74
5 56 27509 24.9367 2146.93
5 57 28020 24.8722 2140.58
5 58 28553 24.8542 2139.52
5 59 29057 24.8033 2135.41
5 60 29547 24.7734 2133.57
5 61 30032 24.7166 2128.26
5 62 30524 24.6968 2127.71
5 63 31018 24.6227 2120.33
5 64 31541 24.5783 2116.46
5 65 32045 24.5284 2112.11
5 66 32540 24.489 2108.64
5 67 33028 24.4373 2103.83
5 68 33511 24.4294 2104.32
5 69 33996 24.3938 2101.05
5 70 34479 24.3569 2098.01
5 71 35050 24.3467 2098.56
5 72 35526 24.311 2095.71
5 73 35988 24.2813 2093.63
5 74 36504 24.2497 2091.12
5 75 36998 24.2107 2087.64
5 76 37485 24.1923 2086.19
5 77 37972 24.2034 2088.58
5 78 38458 24.166 2085.4
5 79 39142 24.0985 2078.16
5 80 39824 24.087 2077.96
5 81 40350 24.0342 2072.66
5 82 40868 24.0485 2075.7
5 83 41425 24.0293 2074.48
5 84 41951 24 2071.63
5 85 42462 23.9455 2065.88
5 86 42967 23.9112 2062.49
5 87 43478 23.8955 2061.56
5 88 43967 23.8745 2059.93
5 89 44446 23.838 2056.5
5 90 44948 23.8364 2057.22
5 91 45445 23.8286 2057.49
5 92 45931 23.8122 2056.22
5 93 46419 23.7744 2052.95
5 94 46905 23.7425 2050.05
5 95 47387 23.7436 2051.07
5 96 47872 23.7614 2053.93
5 97 48358 23.6912 2046.86
5 98 48844 23.6671 2044.86
5 99 49329 23.6461 2042.87
5 100 49810 23.6415 2042.81
5 101 50293 23.6171 2040.63
5 102 50812 23.5874 2038.47
5 103 51307 23.5762 2038.12
5 104 51798 23.5535 2036.37
5 105 52294 23.5237 2033.86
5 106 52783 23.4974 2031.43
5 107 53265 23.4555 2027.44
5 108 53750 23.444 2026.81
5 109 54233 23.4461 2027.99
5 110 54718 23.4504 2028.92
5 111 55200 23.4275 2027.21
5 112 55681 23.401 2024.47
5 113 56167 23.404 2025.69
5 114 56653 23.3897 2024.53
5 115 57139 23.3688 2022.73
5 116 57624 23.3464 2021.37
5 117 58110 23.3189 2018.96
5 118 58596 23.2938 2016.94
5 119 59082 23.314 2019.88
5 120 59566 23.2942 2018.57
5 121 60052 23.2724 2017.05
5 122 60531 23.2504 2014.86
5 123 60998 23.2463 2015.24
5 124 61461 23.2484 2016.31
5 125 62139 23.2129 2012.8
5 126 62651 23.196 2011.14
5 127 63141 23.1812 2010.06
5 128 63627 23.1765 2009.67
5 129 64109 23.1666 2008.92
5 130 64606 23.1466 2007.32
5 131 65106 23.1431 2007.59
5 132 65656 23.1414 2007.83
5 133 66154 23.1192 2005.56
5 134 66644 23.0751 2000.75
5 135 67168 23.0608 1999.56
5 136 67685 23.0341 1997.46
5 137 68177 23.033 1997.88
5 138 68668 23.0069 1995.14
5 139 69158 23.0044 1995.01
5 140 69645 22.9817 1993.11
5 141 70132 22.9551 1990.63
5 142 70661 22.9458 1989.82
5 143 71167 22.9431 1989.86
5 144 71659 22.9418 1990.12
5 145 72143 22.934 1989.52
5 146 72629 22.9238 1988.94
5 147 73117 22.8945 1986.04
5 148 73606 22.8795 1984.8
5 149 74091 22.868 1983.78
5 150 74578 22.8762 1985.37
5 151 75131 22.8533 1983.24
5 152 75797 22.8144 1979.46
5 153 76335 22.7928 1977.4
5 154 76895 22.801 1978.55
5 155 77386 22.8006 1978.9
5 156 77893 22.7763 1976.44
5 157 78423 22.7839 1977.61
5 158 78923 22.8 1979.79
5 159 79569 22.7813 1978.4
5 160 80089 22.7831 1979.31
5 161 80644 22.7612 1977
5 162 81174 22.7368 1974.93
5 163 81664 22.7127 1972.44
5 164 82134 22.6945 1970.75
5 165 82608 22.6791 1969.38
5 166 83099 22.6577 1967.22
5 167 83611 22.6582 1967.49
5 168 84117 22.6483 1966.67
5 169 84617 22.6382 1965.83
5 170 85108 22.6266 1965.07
5 171 85593 22.6218 1964.96
5 172 86077 22.6121 1964.2
5 173 86566 22.591 1962.09
5 174 87055 22.5982 1962.99
5 175 87514 22.5736 1960.21
5 176 87971 22.5931 1962.68
5 177 88458 22.5861 1962.34
5 178 88950 22.6025 1964.47
5 179 89436 22.5912 1963.35
5 180 89950 22.5708 1961.57
5 181 90451 22.5681 1961.68
5 182 90947 22.5792 1963.19
5 183 91442 22.5664 1962.07
5 184 91935 22.5394 1958.84
5 185 92422 22.5502 1960.22
5 186 92911 22.5278 1957.89
5 187 93397 22.5121 1956.61
5 188 93881 22.4852 1953.65
5 189 94364 22.4881 1954.18
5 190 94848 22.4769 1953.47
5 191 95334 22.4683 1952.73
5 192 95820 22.4687 1952.85
5 193 96306 22.4604 1952.13
5 194 96780 22.4313 1948.83
5 195 97256 22.4337 1949.3
5 196 97835 22.449 1951.12
5 197 98341 22.4373 1950.24
5 198 98992 22.4158 1948.19
5 199 99547 22.3953 1945.92
5 200 100081 22.4051 1947.12
6 0 0 135.531 10700.7
6 1 492 59.3983 5410.49
6 2 995 50.5209 4569.8
6 3 1487 45.0704 4050.43
6 4 1982 41.1136 3671.47
6 5 2474 38.6416 3436.38
6 6 2965 36.8 3263.2
6 7 3455 35.1518 3107.56
6 8 3945 33.7238 2973.22
6 9 4435 32.9258 2899.59
6 10 4922 32.1502 2828.21
6 11 5412 31.2987 2750.25
6 12 5928 30.6953 2695.08
6 13 6417 30.2989 2661.14
6 14 6910 29.9541 2630.56
6 15 7400 29.4857 2587.67
6 16 7887 29.1818 2561.04
6 17 8375 28.8072 2525.85
6 18 8867 28.5514 2502.71
6 19 9356 28.3775 2489.13
6 20 9841 28.1344 2466.84
6 21 10320 27.9535 2451.27
6 22 10785 27.7321 2429.75
6 23 11269 27.5704 2414.43
6 24 11753 27.4396 2403.94
6 25 12244 27.2757 2388.23
6 26 12707 27.0205 2362.21
6 27 13157 26.9122 2352.81
6 28 13646 26.8465 2347.79
6 29 14134 26.7268 2337.31
6 30 14623 26.6233 2327.5
6 31 15113 26.4878 2314.62
6 32 15604 26.3967 2307.11
6 33 16094 26.3586 2303.93
6 34 16591 26.2559 2294.48
6 35 17087 26.2169 2291.21
6 36 17577 26.0878 2277.57
6 37 18066 25.8932 2257.29
6 38 18576 25.8055 2249.31
6 39 19050 25.7679 2246.6
6 40 19545 25.7332 2244.22
6 41 20036 25.6391 2235.14
6 42 20537 25.6115 2233.98
6 43 21035 25.5536 2229.73
6 44 21522 25.4998 2225.87
6 45 22015 25.4426 2220.95
6 46 22504 25.3944 2216.65
6 47 22996 25.3418 2212.53
6 48 23485 25.2519 2203.26
6 49 23974 25.1933 2198.62
6 50 24463 25.0667 2186.31
6 51 24951 24.9858 2178.87
6 52 25437 24.9204 2174.05
6 53 25912 24.9014 2173.17
6 54 26397 24.8691 2171.58
6 55 26885 24.8062 2166.38
6 56 27376 24.7616 2161.79
6 57 27866 24.7593 2163.06
6 58 28354 24.7097 2158.76
6 59 28845 24.6434 2152.4
6 60 29313 24.5827 2146.43
6 61 29761 24.567 2145.39
6 62 30218 24.5408 2143.89
6 63 30682 24.4949 2139.86
6 64 31137 24.4302 2133.72
6 65 31621 24.4084 2131.98
6 66 32114 24.3334 2124.44
6 67 32603 24.3326 2125.63
6 68 33093 24.3041 2123.5
6 69 33585 24.2645 2119.95
6 70 34077 24.2153 2115.05
6 71 34566 24.2455 2119.11
6 72 35055 24.1592 2109.72
6 73 35546 24.1227 2107.16
6 74 36026 24.0932 2104.32
6 75 36506 24.0926 2105.22
6 76 36994 24.0442 2100.63
6 77 37479 24.0293 2100.16
6 78 38054 24.0247 2100.84
6 79 38540 23.983 2097.34
6 80 39046 23.9459 2094.05
6 81 39581 23.9517 2095.57
6 82 40081 23.876 2087.44
6 83 40564 23.8596 2086.78
6 84 41047 23.842 2085.73
6 85 41524 23.7742 2078.42
6 86 41998 23.8 2082.12
6 87 42472 23.7748 2080.8
6 88 42954 23.7584 2079.56
6 89 43431 23.7211 2075.97
6 90 43935 23.7368 2077.57
6 91 44460 23.6758 2071.81
6 92 44982 23.6655 2071.67
6 93 45494 23.6256 2067.91
6 94 46001 23.6347 2068.65
6 95 46494 23.5546 2060.7
6 96 46985 23.5606 2061.89
6 97 47478 23.5219 2057.52
6 98 47970 23.4816 2053.76
6 99 48468 23.4676 2053.13
6 100 48968 23.4838 2056.57
6 101 49456 23.4413 2053.32
6 102 49948 23.4461 2054.56
6 103 50444 23.4778 2058.82
6 104 50932 23.4245 2053.42
6 105 51425 23.3926 2050.37
6 106 51905 23.4001 2052.23
6 107 52396 23.3777 2050.52
6 108 52887 23.3656 2049.46
6 109 53377 23.3375 2047.46
6 110 53866 23.3364 2047.69
6 111 54357 23.2997 2043.56
6 112 54846 23.2925 2043.85
6 113 55315 23.2589 2040.75
6 114 55786 23.2765 2043.36
6 115 56274 23.2647 2042.46
6 116 56765 23.2408 2040.32
6 117 57257 23.2007 2035.93
6 118 57746 23.2054 2036.52
6 119 58235 23.1948 2035.64
6 120 58725 23.1496 2030.98
6 121 59211 23.1584 2032.1
6 122 59745 23.1565 2032.07
6 123 60245 23.1232 2028.48
6 124 60736 23.1013 2026.85
6 125 61224 23.1034 2027.55
6 126 61713 23.1133 2029.44
6 127 62202 23.1115 2029.68
6 128 62675 23.0975 2028.71
6 129 63138 23.048 2023.69
6 130 63597 23.0343 2022.7
6 131 64049 23.009 2020.11
6 132 64509 23.0225 2021.79
6 133 64994 23.0202 2022.62
6 134 65485 23.0252 2023.51
6 135 65976 23.0092 2021.81
6 136 66461 22.9843 2019.28
6 137 66950 22.9863 2019.39
6 138 67440 22.9324 2014.32
6 139 67927 22.9166 2012.67
6 140 68415 22.9258 2014.37
6 141 68906 22.9091 2012.71
6 142 69396 22.8946 2012
6 143 69886 22.9282 2016.29
6 144 70374 22.9331 2016.72
6 145 70863 22.9338 2016.83
6 146 71347 22.8977 2012.88
6 147 71837 22.8707 2009.97
6 148 72326 22.8256 2005.17
6 149 72816 22.7998 2002.52
6 150 73307 22.8036 2003.65
6 151 73795 22.7923 2002.9
6 152 74286 22.7703 2000.63
6 153 74776 22.7637 1999.88
6 154 75266 22.757 1999.51
6 155 75754 22.7744 2001.96
6 156 76246 22.7643 2000.97
6 157 76738 22.7403 1998.73
6 158 77226 22.714 1996.06
6 159 77717 22.7174 1997.09
6 160 78207 22.6961 1995.41
6 161 78696 22.6831 1994.21
6 162 79186 22.664 1992.45
6 163 79677 22.6426 1990.4
6 164 80165 22.6451 1990.95
6 165 80654 22.6304 1988.95
6 166 81146 22.6395 1990.07
6 167 81636 22.6369 1989.96
6 168 82124 22.6507 1991.99
6 169 82614 22.6411 1991.1
6 170 83104 22.6197 1988.67
6 171 83591 22.6058 1987.61
6 172 84079 22.5759 1984.57
6 173 84569 22.5678 1984.43
6 174 85059 22.5669 1984.78
6 175 85548 22.5815 1986.72
6 176 86035 22.5771 1986.81
6 177 86523 22.5764 1987.56
6 178 87010 22.6013 1990.56
6 179 87500 22.5757 1988.32
6 180 87990 22.5605 1986.94
6 181 88480 22.549 1986.26
6 182 88968 22.5765 1989.54
6 183 89458 22.5838 1990.81
6 184 89946 22.5896 1991.47
6 185 90432 22.5687 1988.86
6 186 90929 22.5368 1985.5
6 187 91425 22.5347 1985.5
6 188 91914 22.532 1985.41
6 189 92405 22.5055 1982.84
6 190 92918 22.5288 1985.91
6 191 93418 22.5171 1984.2
6 192 93918 22.5258 1985.67
6 193 94419 22.5102 1983.62
6 194 94909 22.4873 1981.08
6 195 95406 22.5063 1983.18
6 196 95893 22.4814 1980.53
6 197 96378 22.4682 1979.03
6 198 96847 22.4588 1978.25
6 199 97333 22.4367 1976.18
6 200 97810 22.4054 1972.69
7 0 0 135.531 10700.7
7 1 458 55.2252 5012.7
7 2 991 45.4857 4088.17
7 3 1485 40.6211 3630.22
7 4 1984 37.5901 3342.18
7 5 2482 35.7214 3169.85
7 6 2975 34.1405 3024.8
7 7 3469 32.8958 2911.39
7 8 3961 31.7836 2811.41
7 9 4453 31.0791 2747.12
7 10 4944 30.2711 2671.93
7 11 5436 29.8117 2629.58
7 12 5927 29.2809 2581.89
7 13 6418 28.7961 2536.75
7 14 6907 28.4439 2504.97
7 15 7399 28.1433 2480.64
7 16 7886 27.6917 2439.05
7 17 8373 27.6222 2436.4
7 18 8862 27.4712 2422.93
7 19 9354 27.3214 2412.07
7 20 9842 27.2172 2402.74
7 21 10330 27.0068 2383.13
7 22 10821 26.8342 2368.64
7 23 11309 26.7189 2357.49
7 24 11794 26.5873 2343.31
7 25 12284 26.4644 2332.85
7 26 12773 26.3123 2320.57
7 27 13261 26.2937 2321.33
7 28 13751 26.1619 2309.55
7 29 14240 26.1252 2306.72
7 30 14728 26.0531 2300.85
7 31 15217 25.8245 2276.36
7 32 15707 25.8075 2276.08
7 33 16198 25.7336 2269.08
7 34 16687 25.6987 2266.22
7 35 17176 25.7388 2271.91
7 36 17667 25.6549 2263.72
7 37 18158 25.5692 2254.99
7 38 18646 25.5343 2253.29
7 39 19133 25.4069 2240.43
7 40 19624 25.2884 2228.67
7 41 20114 25.2633 2227.03
7 42 20605 25.2427 2226.33
7 43 21095 25.1819 2221.88
7 44 21585 25.0881 2212.82
7 45 22076 25.0185 2206.07
7 46 22569 25.0442 2209.64
7 47 23059 24.9764 2203.95
7 48 23553 24.9549 2201.65
7 49 24052 24.8846 2195.09
7 50 24550 24.8011 2186.48
7 51 25047 24.7712 2184.78
7 52 25541 24.7388 2181.8
7 53 26055 24.6948 2178.08
7 54 26559 24.6043 2169.39
7 55 27064 24.599 2170.35
7 56 27565 24.6021 2172.03
7 57 28065 24.5668 2169.79
7 58 28556 24.5277 2166.55
7 59 29046 24.4891 2162.69
7 60 29535 24.3975 2153.09
7 61 30024 24.3177 2144.62
7 62 30513 24.3035 2143.85
7 63 31003 24.3022 2143.97
7 64 31486 24.3124 2145.9
7 65 31972 24.2649 2141.22
7 66 32459 24.2495 2140.68
7 67 32948 24.1845 2133.58
7 68 33437 24.1914 2135.98
7 69 33925 24.1348 2130.46
7 70 34414 24.1223 2128.82
7 71 34904 24.0223 2119.25
7 72 35393 23.9954 2116.53
7 73 35881 23.9859 2115.83
7 74 36369 23.948 2112.52
7 75 36857 23.916 2109.95
7 76 37345 23.9259 2112.13
7 77 37831 23.9749 2117.96
7 78 38316 23.961 2116.36
7 79 38806 23.9072 2110.93
7 80 39297 23.8099 2100.63
7 81 39786 23.8381 2104.25
7 82 40275 23.8432 2105.1
7 83 40757 23.8652 2107.97
7 84 41245 23.8192 2104.04
7 85 41732 23.7632 2098.3
7 86 42224 23.7105 2093
7 87 42715 23.706 2093.15
7 88 43202 23.7124 2094.87
7 89 43691 23.6853 2091.95
7 90 44168 23.6749 2091.69
7 91 44643 23.6635 2091.19
7 92 45226 23.6261 2087.58
7 93 45759 23.6262 2087.7
7 94 46286 23.6115 2086.57
7 95 46819 23.5952 2086.15
7 96 47339 23.6056 2087.47
7 97 47836 23.572 2084.7
7 98 48326 23.563 2084.48
7 99 48816 23.5576 2084
7 100 49309 23.5118 2080.32
7 101 49799 23.5372 2084.15
7 102 50289 23.5433 2085.04
7 103 50779 23.4701 2076.91
7 104 51273 23.4339 2073.02
7 105 51765 23.4077 2070.13
7 106 52256 23.4348 2073.51
7 107 52750 23.3973 2069.39
7 108 53244 23.3878 2069.58
7 109 53736 23.3697 2068
7 110 54240 23.3809 2070.11
7 111 54749 23.3565 2067.47
7 112 55482 23.3831 2070.59
7 113 56009 23.3987 2072.43
7 114 56741 23.3683 2069.28
7 115 57318 23.3665 2069.75
7 116 57815 23.332 2066.63
7 117 58311 23.3352 2067.83
7 118 58804 23.3892 2074.18
7 119 59306 23.3607 2071.29
7 120 59864 23.3405 2069.8
7 121 60482 23.328 2069.05
7 122 60961 23.3224 2068.81
7 123 61444 23.2862 2064.86
7 124 61909 23.2636 2063.23
7 125 62386 23.2525 2062.07
7 126 62880 23.298 2067.11
7 127 63380 23.2633 2064.21
7 128 63877 23.2821 2067.66
7 129 64399 23.2903 2069.28
7 130 64948 23.2657 2067.29
7 131 65456 23.2869 2070.4
7 132 65951 23.2583 2067.39
7 133 66444 23.2167 2063.23
7 134 66953 23.2269 2064.82
7 135 67468 23.2119 2063.69
7 136 67984 23.2347 2066.13
7 137 68476 23.218 2064.47
7 138 68963 23.2246 2065.4
7 139 69450 23.1336 2056.12
7 140 69943 23.1469 2057.74
7 141 70461 23.1375 2057.55
7 142 70987 23.1053 2054.57
7 143 71484 23.0878 2052.4
7 144 71975 23.0991 2054.56
7 145 72467 23.0876 2053.82
7 146 72960 23.0787 2053.17
7 147 73451 23.0258 2047.97
7 148 73942 23.0245 2048.64
7 149 74431 23.0361 2049.99
7 150 74894 22.9886 2044.49
7 151 75359 22.982 2044.43
7 152 75850 22.9751 2044.12
7 153 76314 22.9435 2040.93
7 154 76774 22.9518 2041.87
7 155 77253 22.928 2039.78
7 156 77746 22.9315 2040.29
7 157 78250 22.9509 2042.9
7 158 78761 22.989 2046.96
7 159 79284 22.9845 2046.87
7 160 79799 22.9958 2048.28
7 161 80302 22.9732 2046.13
7 162 80810 22.9231 2041
7 163 81300 22.9433 2043.61
7 164 81780 22.9098 2040.56
7 165 82272 22.928 2043.13
7 166 82766 22.9078 2041.04
7 167 83256 22.8727 2038.04
7 168 83747 22.8935 2039.81
7 169 84241 22.8599 2036.02
7 170 84732 22.8468 2034.86
7 171 85220 22.8199 2032.32
7 172 85712 22.8578 2036.23
7 173 86203 22.8434 2034.74
7 174 86694 22.7903 2029.77
7 175 87187 22.7522 2026.16
7 176 87678 22.7412 2025.15
7 177 88167 22.7352 2024.96
7 178 88659 22.7137 2023
7 179 89150 22.7405 2026.24
7 180 89644 22.7198 2024.72
7 181 90134 22.677 2020.49
7 182 90626 22.7138 2024.91
7 183 91118 22.7011 2023.44
7 184 91610 22.707 2023.73
7 185 92103 22.6899 2022.57
7 186 92599 22.6679 2020.54
7 187 93089 22.6907 2023.46
7 188 93580 22.6542 2019.87
7 189 94073 22.6323 2018.07
7 190 94570 22.643 2019.64
7 191 95069 22.6058 2015.81
7 192 95575 22.604 2015.37
7 193 96071 22.5668 2010.97
7 194 96589 22.5466 2009.12
7 195 97094 22.5254 2007.6
7 196 97600 22.519 2007.25
7 197 98104 22.514 2006.39
7 198 98610 22.5307 2008.42
7 199 99101 22.5291 2007.99
7 200 99591 22.4942 2004.45
8 0 0 135.531 10700.7
8 1 463 52.9739 4858.73
8 2 957 45.0257 4093.63
8 3 1449 40.1588 3632.38
8 4 1945 37.0528 3331.88
8 5 2438 35.1207 3148.25
8 6 2930 33.6291 3005.02
8 7 3422 32.7273 2919.71
8 8 3975 31.8718 2840.1
8 9 4544 31.1178 2768.63
8 10 5044 30.578 2719.03
8 11 5543 30.2616 2690.01
8 12 6188 29.6037 2625.31
8 13 6710 29.178 2585
8 14 7221 28.7444 2544.59
8 15 7724 28.4033 2511.72
8 16 8237 28.1815 2492.78
8 17 8769 28.0362 2479.7
8 18 9296 27.9167 2469.5
8 19 9795 27.7393 2453.2
8 20 10299 27.51 2431.02
8 21 10807 27.3351 2414.17
8 22 11313 27.2283 2405.05
8 23 11828 27.3072 2415.2
8 24 12347 27.2983 2416.78
8 25 12858 27.2391 2412.67
8 26 13376 26.9888 2387.96
8 27 13894 26.8055 2369.74
8 28 14408 26.7799 2367.99
8 29 14921 26.7402 2365.45
8 30 15439 26.5691 2349.31
8 31 15950 26.357 2327.72
8 32 16464 26.3478 2328.88
8 33 16979 26.1248 2305.93
8 34 17485 26.1564 2310.27
8 35 17972 26.0685 2301.95
8 36 18469 26.0015 2297.6
8 37 18966 25.9469 2292.39
8 38 19462 25.8038 2278.66
8 39 19957 25.7511 2275.51
8 40 20454 25.7112 2273.26
8 41 20952 25.7213 2275.25
8 42 21449 25.6393 2267.45
8 43 21946 25.5711 2262.68
8 44 22470 25.4677 2253.16
8 45 22982 25.4188 2249.22
8 46 23507 25.3572 2244.58
8 47 24024 25.4574 2256.84
8 48 24541 25.3862 2250.82
8 49 25047 25.3864 2253.01
8 50 25554 25.3708 2253.79
8 51 26057 25.2921 2247.14
8 52 26552 25.2465 2242.67
8 53 27046 25.1511 2232.48
8 54 27539 25.0893 2226.75
8 55 28034 25.068 2226.4
8 56 28525 24.995 2219.56
8 57 29019 24.9769 2219.88
8 58 29642 24.9628 2219.14
8 59 30139 24.9258 2216.42
8 60 30639 24.9455 2219.02
8 61 31141 24.9072 2215.96
8 62 31637 24.8636 2211.06
8 63 32126 24.9012 2215.98
8 64 32627 24.8193 2207.72
8 65 33162 24.7826 2204.82
8 66 33659 24.7974 2206.14
8 67 34154 24.7933 2206.45
8 68 34654 24.7586 2202.91
8 69 35182 24.7121 2199.69
8 70 35716 24.6985 2199.62
8 71 36248 24.6156 2191.76
8 72 36755 24.6811 2199.33
8 73 37263 24.6113 2193.05
8 74 37760 24.6285 2194.7
8 75 38256 24.5793 2191.49
8 76 38752 24.5701 2191.13
8 77 39248 24.5823 2193.12
8 78 39740 24.562 2192.27
8 79 40236 24.4872 2184.67
8 80 40734 24.4935 2185.87
8 81 41226 24.4908 2186.24
8 82 41721 24.4628 2183.9
8 83 42208 24.4975 2187.96
8 84 42693 24.4943 2188.81
8 85 43182 24.4585 2186.3
8 86 43674 24.3804 2178.83
8 87 44164 24.4439 2186.14
8 88 44632 24.3667 2178.29
8 89 45095 24.3365 2175.17
8 90 45577 24.3974 2182.36
8 91 46059 24.3562 2177.67
8 92 46546 24.3679 2179.47
8 93 47030 24.3263 2176.19
8 94 47506 24.2555 2168.2
8 95 47973 24.2361 2166.65
8 96 48457 24.3031 2174.81
8 97 48966 24.3494 2181.78
8 98 49473 24.3291 2178.85
8 99 49988 24.2973 2175.65
8 100 50513 24.2609 2172.45
8 101 51042 24.2033 2166.74
8 102 51547 24.1907 2165.46
8 103 52056 24.1598 2162.67
8 104 52565 24.2648 2175.19
8 105 53071 24.2644 2175.05
8 106 53568 24.1892 2167.06
8 107 54063 24.1783 2166.47
8 108 54565 24.2079 2169.83
8 109 55077 24.1788 2166.45
8 110 55582 24.1762 2166.45
8 111 56091 24.212 2171.02
8 112 56596 24.1476 2164.56
8 113 57102 24.1146 2160.88
8 114 57595 24.1301 2163.36
8 115 58086 24.1036 2160.51
8 116 58583 24.0901 2159.68
8 117 59080 24.1069 2162.31
8 118 59577 24.1136 2163.31
8 119 60074 24.1146 2164.07
8 120 60569 24.0522 2157.62
8 121 61066 24.0177 2154.22
8 122 61562 24.0018 2152.24
8 123 62058 23.9652 2148.98
8 124 62693 23.9772 2150.74
8 125 63191 23.9968 2152.55
8 126 63687 24.0083 2154.65
8 127 64185 23.9863 2153.43
8 128 64686 23.9864 2153.76
8 129 65185 24.0221 2158.39
8 130 65685 23.9552 2151.44
8 131 66171 23.937 2149.69
8 132 66665 23.8801 2143.92
8 133 67140 23.8808 2144.3
8 134 67635 23.9627 2153.96
8 135 68135 23.8756 2145.05
8 136 68625 23.8832 2145.95
8 137 69209 23.8873 2147.24
8 138 69727 23.8636 2145.32
8 139 70218 23.8815 2147.59
8 140 70713 23.907 2150.73
8 141 71212 23.8459 2143.79
8 142 71711 23.8673 2145.99
8 143 72210 23.8973 2149.72
8 144 72706 23.9171 2152.46
8 145 73204 23.93 2153.77
8 146 73703 24.0073 2162.54
8 147 74200 23.9218 2153.63
8 148 74697 23.9271 2154.89
8 149 75194 23.8741 2148.87
8 150 75689 23.8341 2144.4
8 151 76180 23.8076 2141.61
8 152 76677 23.7639 2137.12
8 153 77175 23.7376 2134.48
8 154 77672 23.7291 2134.33
8 155 78169 23.6893 2130.86
8 156 78670 23.7211 2134.75
8 157 79169 23.6856 2130.54
8 158 79664 23.7545 2138.7
8 159 80163 23.7224 2135.41
8 160 80661 23.7032 2133.75
8 161 81157 23.6834 2131.93
8 162 81650 23.729 2136.56
8 163 82150 23.747 2137.96
8 164 82649 23.7397 2137.48
8 165 83153 23.7694 2141.3
8 166 83679 23.7114 2135.57
8 167 84188 23.7119 2135.7
8 168 84728 23.7223 2136.58
8 169 85311 23.7035 2135.49
8 170 86028 23.6888 2134.31
8 171 86694 23.6472 2130.34
8 172 87209 23.6355 2128.63
8 173 87717 23.6688 2132.88
