0 0 0 27.0813 10524
0 1 38 26.7947 10426.5
0 2 76 26.521 10332.7
0 3 114 26.259 10242.2
0 4 152 26.0078 10154.9
0 5 190 25.7663 10070.3
0 6 228 25.5339 9988.24
0 7 266 25.3096 9908.52
0 8 304 25.0931 9830.95
0 9 342 24.8836 9755.34
0 10 380 24.6805 9681.55
0 11 418 24.4836 9609.44
0 12 456 24.2923 9538.89
0 13 494 24.1062 9469.78
0 14 532 23.9251 9402.03
0 15 570 23.7486 9335.53
0 16 608 23.5763 9270.22
0 17 646 23.4081 9206.02
0 18 684 23.2437 9142.86
0 19 722 23.083 9080.69
0 20 760 22.9257 9019.46
0 21 798 22.7716 8959.1
0 22 836 22.6206 8899.58
0 23 874 22.4725 8840.85
0 24 912 22.3271 8782.9
0 25 950 22.1845 8725.66
0 26 988 22.0443 8669.12
0 27 1026 21.9065 8613.26
0 28 1064 21.7711 8558.05
0 29 1105 21.6378 8503.46
0 30 1143 21.5067 8449.48
0 31 1181 21.3776 8396.07
0 32 1219 21.2505 8343.23
0 33 1257 21.1253 8290.94
0 34 1295 21.0019 8239.18
0 35 1333 20.8802 8187.93
0 36 1371 20.7603 8137.19
0 37 1409 20.642 8086.94
0 38 1447 20.5254 8037.19
0 39 1485 20.4103 7987.9
0 40 1523 20.2966 7939.09
0 41 1561 20.1845 7890.74
0 42 1599 20.0738 7842.83
0 43 1637 19.9645 7795.37
0 44 1675 19.8565 7748.33
0 45 1713 19.7499 7701.72
0 46 1751 19.6445 7655.55
0 47 1789 19.5404 7609.79
0 48 1827 19.4375 7564.43
0 49 1865 19.3358 7519.48
0 50 1903 19.2353 7474.93
0 51 1941 19.136 7430.76
0 52 1979 19.0378 7386.99
0 53 2017 18.9407 7343.61
0 54 2055 18.8447 7300.61
0 55 2093 18.7497 7257.97
0 56 2131 18.6558 7215.72
0 57 2169 18.5629 7173.85
0 58 2207 18.471 7132.35
0 59 2245 18.3801 7091.2
0 60 2283 18.2902 7050.41
0 61 2321 18.2013 7009.99
0 62 2359 18.1132 6969.91
0 63 2397 18.0262 6930.18
0 64 2435 17.94 6890.82
0 65 2473 17.8547 6851.79
0 66 2511 17.7703 6813.11
0 67 2549 17.6868 6774.76
0 68 2587 17.6041 6736.76
0 69 2625 17.5223 6699.09
0 70 2663 17.4414 6661.74
0 71 2701 17.3612 6624.72
0 72 2739 17.2819 6588.03
0 73 2777 17.2033 6551.67
0 74 2815 17.1256 6515.6
0 75 2853 17.0486 6479.88
0 76 2891 16.9725 6444.46
0 77 2929 16.897 6409.36
0 78 2967 16.8223 6374.57
0 79 3005 16.7484 6340.09
0 80 3043 16.6752 6305.91
0 81 3081 16.6027 6272.02
0 82 3119 16.5309 6238.45
0 83 3157 16.4599 6205.17
0 84 3195 16.3895 6172.19
0 85 3233 16.3198 6139.49
0 86 3271 16.2508 6107.08
0 87 3318 16.1825 6074.97
0 88 3356 16.1148 6043.13
0 89 3394 16.0478 6011.59
0 90 3432 15.9814 5980.31
0 91 3470 15.9157 5949.31
0 92 3508 15.8506 5918.58
0 93 3546 15.7861 5888.13
0 94 3584 15.7223 5857.95
0 95 3622 15.6591 5828.05
0 96 3660 15.5964 5798.41
0 97 3698 15.5344 5769.02
0 98 3736 15.4729 5739.91
0 99 3774 15.4121 5711.05
0 100 3812 15.3518 5682.46
0 101 3850 15.2921 5654.11
0 102 3888 15.2329 5626.02
0 103 3926 15.1744 5598.17
0 104 3964 15.1163 5570.57
0 105 4002 15.0588 5543.22
0 106 4040 15.0019 5516.1
0 107 4078 14.9455 5489.24
0 108 4116 14.8896 5462.61
0 109 4154 14.8343 5436.21
0 110 4192 14.7794 5410.04
0 111 4230 14.7251 5384.13
0 112 4268 14.6713 5358.43
0 113 4306 14.6179 5332.97
0 114 4344 14.5651 5307.73
0 115 4382 14.5128 5282.71
0 116 4420 14.4609 5257.91
0 117 4458 14.4096 5233.33
0 118 4496 14.3587 5208.98
0 119 4534 14.3082 5184.84
0 120 4572 14.2583 5160.92
0 121 4610 14.2088 5137.2
0 122 4648 14.1597 5113.7
0 123 4686 14.1111 5090.4
0 124 4724 14.063 5067.3
0 125 4762 14.0153 5044.41
0 126 4800 13.968 5021.72
0 127 4838 13.9212 4999.25
0 128 4876 13.8748 4976.96
0 129 4914 13.8288 4954.88
0 130 4952 13.7832 4932.98
0 131 4990 13.7381 4911.28
0 132 5028 13.6933 4889.78
0 133 5066 13.649 4868.46
0 134 5104 13.605 4847.33
0 135 5142 13.5615 4826.39
0 136 5180 13.5183 4805.63
0 137 5218 13.4756 4785.06
0 138 5256 13.4332 4764.67
0 139 5294 13.3912 4744.46
0 140 5332 13.3496 4724.43
0 141 5370 13.3084 4704.58
0 142 5408 13.2675 4684.88
0 143 5446 13.227 4665.38
0 144 5484 13.1869 4646.03
0 145 5522 13.1471 4626.86
0 146 5560 13.1076 4607.86
0 147 5598 13.0686 4589.02
0 148 5636 13.0298 4570.36
0 149 5674 12.9915 4551.86
0 150 5712 12.9534 4533.52
0 151 5750 12.9157 4515.34
0 152 5788 12.8783 4497.31
0 153 5826 12.8413 4479.44
0 154 5864 12.8046 4461.72
0 155 5902 12.7682 4444.17
0 156 5940 12.7321 4426.76
0 157 5978 12.6964 4409.5
0 158 6016 12.6609 4392.4
0 159 6054 12.6258 4375.44
0 160 6092 12.591 4358.64
0 161 6130 12.5565 4341.99
0 162 6168 12.5223 4325.48
0 163 6206 12.4884 4309.1
0 164 6244 12.4548 4292.86
0 165 6282 12.4214 4276.78
0 166 6320 12.3884 4260.82
0 167 6358 12.3557 4245
0 168 6396 12.3232 4229.33
0 169 6434 12.291 4213.79
0 170 6472 12.2592 4198.38
0 171 6510 12.2275 4183.11
0 172 6548 12.1962 4167.97
0 173 6586 12.1651 4152.96
0 174 6624 12.1343 4138.08
0 175 6662 12.1038 4123.33
0 176 6700 12.0735 4108.7
0 177 6738 12.0435 4094.2
0 178 6776 12.0137 4079.82
0 179 6814 11.9842 4065.56
0 180 6852 11.955 4051.43
0 181 6890 11.926 4037.42
0 182 6928 11.8972 4023.53
0 183 6966 11.8687 4009.76
0 184 7004 11.8405 3996.11
0 185 7042 11.8124 3982.57
0 186 7080 11.7847 3969.15
0 187 7118 11.7571 3955.85
0 188 7156 11.7298 3942.66
0 189 7194 11.7027 3929.58
0 190 7232 11.6759 3916.61
0 191 7270 11.6493 3903.74
0 192 7308 11.6229 3891
0 193 7346 11.5967 3878.36
0 194 7384 11.5707 3865.82
0 195 7422 11.545 3853.39
0 196 7460 11.5195 3841.06
0 197 7498 11.4942 3828.84
0 198 7536 11.4691 3816.72
0 199 7574 11.4442 3804.7
0 200 7612 11.4195 3792.79
0 201 7653 11.3951 3780.97
0 202 7691 11.3708 3769.27
0 203 7729 11.3467 3757.65
0 204 7767 11.3229 3746.13
0 205 7805 11.2992 3734.71
0 206 7843 11.2757 3723.38
0 207 7881 11.2525 3712.15
0 208 7919 11.2294 3701.01
0 209 7957 11.2065 3689.97
0 210 7995 11.1838 3679.02
0 211 8033 11.1613 3668.16
0 212 8071 11.139 3657.39
0 213 8109 11.1168 3646.72
0 214 8147 11.0949 3636.13
0 215 8185 11.0731 3625.63
0 216 8223 11.0515 3615.22
0 217 8261 11.0301 3604.89
0 218 8299 11.0088 3594.65
0 219 8337 10.9877 3584.49
0 220 8375 10.9668 3574.42
0 221 8413 10.9461 3564.42
0 222 8451 10.9255 3554.52
0 223 8489 10.9051 3544.69
0 224 8527 10.8849 3534.94
0 225 8565 10.8649 3525.28
0 226 8603 10.8449 3515.69
0 227 8641 10.8252 3506.18
0 228 8679 10.8056 3496.76
0 229 8717 10.7862 3487.41
0 230 8755 10.7669 3478.13
0 231 8793 10.7478 3468.93
0 232 8831 10.7289 3459.81
0 233 8869 10.7101 3450.75
0 234 8907 10.6914 3441.78
0 235 8945 10.6729 3432.88
0 236 8983 10.6545 3424.05
0 237 9021 10.6363 3415.29
0 238 9059 10.6182 3406.6
0 239 9097 10.6003 3397.99
0 240 9135 10.5825 3389.44
0 241 9173 10.5649 3380.97
0 242 9211 10.5474 3372.56
0 243 9249 10.53 3364.22
0 244 9287 10.5128 3355.95
0 245 9325 10.4957 3347.74
0 246 9363 10.4788 3339.6
0 247 9401 10.462 3331.53
0 248 9439 10.4453 3323.52
0 249 9477 10.4287 3315.58
0 250 9515 10.4123 3307.71
0 251 9553 10.396 3299.89
0 252 9591 10.3798 3292.13
0 253 9629 10.3638 3284.44
0 254 9667 10.3479 3276.82
0 255 9705 10.3321 3269.25
0 256 9743 10.3164 3261.73
0 257 9781 10.3008 3254.28
0 258 9819 10.2854 3246.9
0 259 9857 10.2701 3239.57
0 260 9895 10.2549 3232.29
0 261 9933 10.2398 3225.08
0 262 9971 10.2249 3217.91
0 263 10009 10.21 3210.82
0 264 10047 10.1953 3203.77
0 265 10085 10.1807 3196.79
0 266 10123 10.1662 3189.85
0 267 10161 10.1518 3182.98
0 268 10199 10.1375 3176.15
0 269 10237 10.1234 3169.38
0 270 10275 10.1093 3162.66
0 271 10313 10.0953 3155.99
0 272 10351 10.0815 3149.38
0 273 10389 10.0677 3142.81
0 274 10427 10.0541 3136.31
0 275 10465 10.0406 3129.85
0 276 10503 10.0271 3123.45
0 277 10541 10.0138 3117.09
0 278 10579 10.0006 3110.77
0 279 10617 9.98742 3104.51
0 280 10655 9.97439 3098.3
0 281 10693 9.96145 3092.14
0 282 10731 9.94861 3086.03
0 283 10769 9.93586 3079.96
0 284 10807 9.92321 3073.94
0 285 10845 9.91066 3067.96
0 286 10883 9.8982 3062.03
0 287 10921 9.88583 3056.15
0 288 10959 9.87355 3050.31
0 289 10997 9.86137 3044.52
0 290 11035 9.84927 3038.77
0 291 11073 9.83727 3033.07
0 292 11111 9.82535 3027.41
0 293 11149 9.81352 3021.79
0 294 11187 9.80178 3016.22
0 295 11225 9.79012 3010.69
0 296 11263 9.77855 3005.21
0 297 11301 9.76707 2999.76
0 298 11339 9.75566 2994.36
0 299 11377 9.74434 2988.99
0 300 11415 9.73311 2983.67
0 301 11453 9.72195 2978.39
0 302 11491 9.71088 2973.15
0 303 11529 9.69989 2967.95
0 304 11567 9.68898 2962.79
0 305 11605 9.67814 2957.66
0 306 11643 9.66739 2952.58
0 307 11681 9.65671 2947.53
0 308 11719 9.64611 2942.52
0 309 11757 9.63558 2937.55
0 310 11795 9.62513 2932.61
0 311 11833 9.61476 2927.71
0 312 11871 9.60446 2922.85
0 313 11909 9.59423 2918.03
0 314 11947 9.58407 2913.24
0 315 11985 9.57399 2908.49
0 316 12023 9.56399 2903.77
0 317 12061 9.55405 2899.09
0 318 12099 9.54418 2894.44
0 319 12137 9.53438 2889.82
0 320 12175 9.52465 2885.23
0 321 12213 9.51499 2880.69
0 322 12251 9.5054 2876.18
0 323 12289 9.49587 2871.7
0 324 12327 9.48641 2867.26
0 325 12365 9.47702 2862.85
0 326 12403 9.46769 2858.47
0 327 12441 9.45843 2854.12
0 328 12479 9.44923 2849.81
0 329 12517 9.4401 2845.52
0 330 12555 9.43103 2841.27
0 331 12593 9.42202 2837.04
0 332 12631 9.41308 2832.85
0 333 12669 9.40419 2828.69
0 334 12707 9.39537 2824.55
0 335 12745 9.38661 2820.45
0 336 12783 9.37791 2816.37
0 337 12821 9.36926 2812.33
0 338 12859 9.36068 2808.31
0 339 12897 9.35216 2804.33
0 340 12935 9.34369 2800.38
0 341 12973 9.33528 2796.46
0 342 13011 9.32693 2792.56
0 343 13049 9.31864 2788.68
0 344 13087 9.3104 2784.84
0 345 13125 9.30222 2781.02
0 346 13163 9.29409 2777.23
0 347 13201 9.28602 2773.46
0 348 13239 9.278 2769.73
0 349 13277 9.27004 2766.02
0 350 13315 9.26213 2762.34
0 351 13353 9.25427 2758.68
0 352 13391 9.24646 2755.05
0 353 13429 9.23871 2751.44
0 354 13467 9.23101 2747.86
0 355 13505 9.22336 2744.31
0 356 13543 9.21576 2740.77
0 357 13581 9.20821 2737.27
0 358 13619 9.20071 2733.79
0 359 13657 9.19326 2730.33
0 360 13695 9.18586 2726.89
0 361 13733 9.17851 2723.48
0 362 13771 9.1712 2720.1
0 363 13809 9.16395 2716.74
0 364 13847 9.15674 2713.4
0 365 13885 9.14958 2710.08
0 366 13923 9.14246 2706.79
0 367 13961 9.13539 2703.52
0 368 13999 9.12837 2700.28
0 369 14037 9.12139 2697.05
0 370 14075 9.11446 2693.85
0 371 14113 9.10757 2690.67
0 372 14151 9.10073 2687.52
0 373 14189 9.09393 2684.38
0 374 14227 9.08717 2681.27
0 375 14265 9.08046 2678.17
0 376 14303 9.07379 2675.1
0 377 14341 9.06716 2672.04
0 378 14379 9.06058 2669.01
0 379 14417 9.05404 2666
0 380 14455 9.04753 2663.01
0 381 14493 9.04107 2660.04
0 382 14531 9.03465 2657.09
0 383 14569 9.02827 2654.16
0 384 14607 9.02194 2651.26
0 385 14645 9.01563 2648.36
0 386 14683 9.00938 2645.49
0 387 14721 9.00315 2642.64
0 388 14759 8.99697 2639.81
0 389 14797 8.99083 2637
0 390 14835 8.98472 2634.2
0 391 14873 8.97866 2631.43
0 392 14911 8.97263 2628.67
0 393 14949 8.96663 2625.94
0 394 14987 8.96068 2623.21
0 395 15025 8.95476 2620.51
0 396 15063 8.94888 2617.82
0 397 15101 8.94303 2615.15
0 398 15139 8.93722 2612.5
0 399 15177 8.93144 2609.87
0 400 15215 8.9257 2607.25
0 401 15253 8.92 2604.64
0 402 15291 8.91433 2602.06
0 403 15329 8.90869 2599.49
0 404 15367 8.90309 2596.94
0 405 15405 8.89752 2594.41
0 406 15443 8.89198 2591.89
0 407 15481 8.88648 2589.39
0 408 15519 8.88101 2586.9
0 409 15557 8.87558 2584.43
0 410 15595 8.87017 2581.98
0 411 15633 8.8648 2579.54
0 412 15671 8.85946 2577.12
0 413 15709 8.85415 2574.72
0 414 15747 8.84888 2572.32
0 415 15785 8.84363 2569.95
0 416 15823 8.83842 2567.59
0 417 15861 8.83324 2565.25
0 418 15899 8.82808 2562.92
0 419 15937 8.82296 2560.61
0 420 15975 8.81787 2558.31
0 421 16013 8.8128 2556.02
0 422 16051 8.80777 2553.75
0 423 16089 8.80276 2551.49
0 424 16127 8.79779 2549.24
0 425 16165 8.79284 2547.02
0 426 16203 8.78792 2544.8
0 427 16241 8.78303 2542.6
0 428 16279 8.77817 2540.41
0 429 16317 8.77334 2538.24
0 430 16355 8.76853 2536.08
0 431 16402 8.76375 2533.93
0 432 16440 8.759 2531.8
0 433 16478 8.75427 2529.68
0 434 16516 8.74958 2527.58
0 435 16554 8.74491 2525.48
0 436 16592 8.74026 2523.4
0 437 16630 8.73564 2521.34
0 438 16668 8.73105 2519.28
0 439 16706 8.72648 2517.23
0 440 16744 8.72194 2515.2
0 441 16782 8.71743 2513.18
0 442 16820 8.71294 2511.17
0 443 16858 8.70847 2509.17
0 444 16896 8.70403 2507.19
0 445 16934 8.69961 2505.22
0 446 16972 8.69522 2503.26
0 447 17010 8.69085 2501.31
0 448 17048 8.68651 2499.37
0 449 17086 8.68219 2497.44
0 450 17124 8.67789 2495.53
0 451 17162 8.67362 2493.63
0 452 17200 8.66937 2491.73
0 453 17238 8.66514 2489.85
0 454 17276 8.66094 2487.99
0 455 17314 8.65676 2486.13
0 456 17352 8.6526 2484.29
0 457 17390 8.64846 2482.45
0 458 17428 8.64435 2480.63
0 459 17466 8.64026 2478.82
0 460 17504 8.63619 2477.02
0 461 17542 8.63214 2475.23
0 462 17580 8.62811 2473.45
0 463 17618 8.62411 2471.67
0 464 17656 8.62013 2469.91
0 465 17694 8.61616 2468.16
0 466 17732 8.61222 2466.42
0 467 17770 8.6083 2464.69
0 468 17808 8.6044 2462.97
0 469 17846 8.60052 2461.26
0 470 17884 8.59666 2459.56
0 471 17922 8.59282 2457.86
0 472 17961 8.589 2456.18
0 473 17999 8.5852 2454.51
0 474 18037 8.58142 2452.84
0 475 18075 8.57766 2451.19
0 476 18113 8.57392 2449.55
0 477 18151 8.5702 2447.92
0 478 18189 8.5665 2446.29
0 479 18227 8.56281 2444.67
0 480 18265 8.55915 2443.07
0 481 18303 8.5555 2441.47
0 482 18341 8.55188 2439.88
0 483 18379 8.54827 2438.3
0 484 18417 8.54468 2436.73
0 485 18455 8.5411 2435.17
0 486 18494 8.53755 2433.62
0 487 18534 8.53401 2432.07
0 488 18575 8.53049 2430.54
0 489 18616 8.52699 2429.01
0 490 18656 8.52351 2427.48
0 491 18697 8.52004 2425.97
0 492 18737 8.51659 2424.47
0 493 18777 8.51316 2422.97
0 494 18818 8.50974 2421.49
0 495 18858 8.50634 2420.01
0 496 18898 8.50296 2418.54
0 497 18939 8.4996 2417.07
0 498 18980 8.49625 2415.62
0 499 19020 8.49292 2414.17
0 500 19060 8.4896 2412.73
0 501 19101 8.4863 2411.29
0 502 19141 8.48302 2409.87
0 503 19183 8.47975 2408.45
0 504 19224 8.4765 2407.05
0 505 19264 8.47326 2405.65
0 506 19304 8.47004 2404.25
0 507 19344 8.46683 2402.87
0 508 19385 8.46364 2401.49
0 509 19427 8.46047 2400.12
0 510 19469 8.45731 2398.75
0 511 19511 8.45416 2397.39
0 512 19553 8.45103 2396.04
0 513 19595 8.44792 2394.7
0 514 19638 8.44482 2393.36
0 515 19681 8.44173 2392.03
0 516 19724 8.43866 2390.71
0 517 19766 8.4356 2389.4
0 518 19808 8.43256 2388.09
0 519 19850 8.42953 2386.79
0 520 19892 8.42652 2385.5
0 521 19934 8.42351 2384.21
0 522 19977 8.42053 2382.92
0 523 20020 8.41755 2381.65
0 524 20063 8.4146 2380.38
0 525 20106 8.41165 2379.12
0 526 20149 8.40872 2377.86
0 527 20192 8.4058 2376.61
0 528 20235 8.40289 2375.36
0 529 20277 8.4 2374.13
0 530 20319 8.39712 2372.89
0 531 20361 8.39425 2371.67
0 532 20403 8.3914 2370.45
0 533 20445 8.38856 2369.23
0 534 20487 8.38573 2368.03
0 535 20529 8.38292 2366.82
0 536 20571 8.38011 2365.63
0 537 20613 8.37732 2364.44
0 538 20655 8.37454 2363.25
0 539 20698 8.37178 2362.07
0 540 20740 8.36903 2360.9
0 541 20782 8.36628 2359.74
0 542 20824 8.36356 2358.58
0 543 20866 8.36084 2357.43
0 544 20908 8.35813 2356.28
0 545 20951 8.35544 2355.14
0 546 20993 8.35276 2354
0 547 21035 8.35009 2352.86
0 548 21077 8.34743 2351.74
0 549 21119 8.34478 2350.62
0 550 21162 8.34215 2349.5
0 551 21205 8.33952 2348.39
0 552 21248 8.33691 2347.28
0 553 21292 8.33431 2346.18
0 554 21335 8.33172 2345.09
0 555 21378 8.32914 2344
0 556 21421 8.32657 2342.91
0 557 21464 8.32401 2341.83
0 558 21507 8.32146 2340.76
0 559 21550 8.31892 2339.69
0 560 21593 8.3164 2338.63
0 561 21636 8.31388 2337.57
0 562 21679 8.31138 2336.52
0 563 21723 8.30889 2335.47
0 564 21767 8.3064 2334.43
0 565 21810 8.30393 2333.38
0 566 21853 8.30146 2332.35
0 567 21896 8.29901 2331.32
0 568 21940 8.29657 2330.3
0 569 21984 8.29414 2329.27
0 570 22027 8.29171 2328.26
0 571 22070 8.2893 2327.24
0 572 22113 8.2869 2326.24
0 573 22155 8.2845 2325.24
0 574 22197 8.28212 2324.24
0 575 22239 8.27975 2323.25
0 576 22281 8.27738 2322.26
0 577 22323 8.27503 2321.28
0 578 22365 8.27268 2320.3
0 579 22407 8.27034 2319.33
0 580 22449 8.26802 2318.35
0 581 22491 8.2657 2317.39
0 582 22535 8.26339 2316.43
0 583 22578 8.26109 2315.47
0 584 22622 8.2588 2314.51
0 585 22666 8.25652 2313.56
0 586 22709 8.25425 2312.61
0 587 22752 8.25199 2311.67
0 588 22795 8.24973 2310.74
0 589 22839 8.24749 2309.8
0 590 22883 8.24525 2308.87
0 591 22926 8.24302 2307.95
0 592 22969 8.2408 2307.03
0 593 23012 8.23859 2306.11
0 594 23056 8.23639 2305.2
0 595 23100 8.23419 2304.29
0 596 23143 8.23201 2303.38
0 597 23186 8.22983 2302.48
0 598 23229 8.22766 2301.58
0 599 23272 8.2255 2300.68
0 600 23316 8.22335 2299.79
