
3 0 0 27.0821 10524.5
3 1 123 20.0026 7729.67
3 2 248 17.7925 6708.95
3 3 373 16.4679 6149.97
3 4 509 15.181 5532.57
3 5 650 14.0996 5009.99
3 6 785 13.433 4682.67
3 7 917 12.9811 4455.85
3 8 1046 12.4954 4192.48
3 9 1178 12.0117 3982.89
3 10 1318 11.6381 3812.55
3 11 1452 11.2604 3622.14
3 12 1582 10.9732 3505.87
3 13 1711 10.704 3382.01
3 14 1841 10.4486 3265.17
3 15 1971 10.2133 3148.56
3 16 2100 10.0099 3057.44
3 17 2236 9.85067 2998.25
3 18 2372 9.69391 2925.05
3 19 2508 9.58066 2865.67
3 20 2645 9.43005 2804.75
3 21 2777 9.31259 2758.83
3 22 2907 9.19624 2707.76
3 23 3042 9.12663 2671.9
3 24 3177 9.03805 2639.02
3 25 3312 8.9763 2604.48
3 26 3457 8.89009 2569.68
3 27 3603 8.82143 2544.57
3 28 3747 8.76922 2528.89
3 29 3883 8.70865 2497.14
3 30 4012 8.67413 2479.57
3 31 4145 8.61384 2455.02
3 32 4287 8.56623 2426.42
3 33 4426 8.52703 2411.31
3 34 4560 8.49139 2395.85
3 35 4690 8.45776 2379.54
3 36 4819 8.41271 2365.93
3 37 4949 8.37317 2358.08
3 38 5079 8.35212 2352.12
3 39 5208 8.33012 2341.53
3 40 5341 8.29213 2322.74
3 41 5472 8.27228 2319.11
3 42 5601 8.25401 2311.76
3 43 5730 8.2257 2295.69
3 44 5860 8.21208 2286.58
3 45 5990 8.19793 2280.37
3 46 6120 8.1706 2272.7
3 47 6252 8.15602 2267.69
3 48 6381 8.13376 2264.25
3 49 6516 8.12279 2256.94
3 50 6648 8.10455 2242.07
3 51 6778 8.08738 2236.51
3 52 6906 8.07071 2239.56
3 53 7037 8.05914 2231.5
3 54 7169 8.04567 2226.35
3 55 7300 8.02245 2219.48
3 56 7433 8.01322 2213.1
3 57 7569 8.00485 2203.47
3 58 7703 7.99503 2196.11
3 59 7837 7.9844 2187.78
3 60 7971 7.98647 2181.16
3 61 8105 7.9597 2178.92
3 62 8238 7.95474 2174.55
3 63 8368 7.94275 2170.07
3 64 8503 7.92906 2168.96
3 65 8639 7.91167 2162.6
3 66 8774 7.89925 2164.52
3 67 8917 7.89482 2157.37
3 68 9057 7.87883 2152.41
3 69 9191 7.87816 2147.49
3 70 9325 7.86176 2145.28
3 71 9460 7.85859 2142.79
3 72 9594 7.85876 2139.74
3 73 9728 7.84297 2132.61
3 74 9863 7.83521 2128.45
3 75 9998 7.82525 2126.32
3 76 10129 7.81356 2127.45
3 77 10259 7.81491 2127.72
3 78 10398 7.81886 2125.51
3 79 10536 7.79771 2120.31
3 80 10670 7.80295 2119.61
3 81 10804 7.80116 2121.4
3 82 10938 7.7889 2119.25
3 83 11072 7.77351 2112.91
3 84 11206 7.76413 2111.97
3 85 11340 7.7502 2111.18
3 86 11490 7.74839 2108.12
3 87 11638 7.73614 2102.85
3 88 11787 7.73348 2102.02
3 89 11933 7.73444 2099.05
3 90 12083 7.73578 2095.91
3 91 12239 7.72606 2090.46
3 92 12385 7.71457 2087.27
3 93 12531 7.70469 2085.97
3 94 12696 7.70979 2088.48
3 95 12855 7.70796 2085.48
3 96 13010 7.70578 2084.48
3 97 13168 7.69882 2076.05
3 98 13299 7.69032 2074.44
3 99 13441 7.6929 2073.8
3 100 13581 7.69332 2076.72
3 101 13718 7.69282 2074.01
3 102 13856 7.69 2072.89
3 103 13991 7.68693 2070.71
3 104 14126 7.68818 2072.1
3 105 14261 7.66743 2066.78
3 106 14397 7.65902 2062.56
3 107 14544 7.65842 2062.88
3 108 14684 7.65109 2062.35
3 109 14821 7.64965 2058.39
3 110 14956 7.6553 2064.72
3 111 15096 7.64208 2060.66
3 112 15238 7.64276 2055.63
3 113 15369 7.63382 2051.58
3 114 15500 7.63633 2052.38
3 115 15642 7.63918 2053.62
3 116 15782 7.63431 2050.08
3 117 15922 7.61388 2043.65
3 118 16066 7.60369 2043.25
3 119 16211 7.61146 2046.72
3 120 16355 7.60477 2047.77
3 121 16495 7.60765 2046.23
3 122 16635 7.60318 2044.06
3 123 16771 7.5823 2038.12
3 124 16906 7.57718 2037.41
3 125 17042 7.58406 2035.99
3 126 17178 7.57802 2033.11
3 127 17318 7.57155 2030.98
3 128 17459 7.56897 2029
3 129 17599 7.56802 2030.17
3 130 17739 7.5628 2029.58
3 131 17880 7.5592 2028.78
