0 0 0 27.0813 10524
0 1 88 23.9212 9412.23
0 2 184 22.3899 8803.5
0 3 279 21.2717 8322.17
0 4 375 20.3584 7912.42
0 5 471 19.5755 7550.74
0 6 567 18.8862 7227.61
0 7 666 18.2708 6935.17
0 8 761 17.7141 6670.11
0 9 857 17.2072 6427.97
0 10 953 16.7426 6205.49
0 11 1049 16.3136 5999.68
0 12 1145 15.9169 5809.93
0 13 1241 15.5481 5631.39
0 14 1337 15.2044 5466.32
0 15 1434 14.8835 5311.88
0 16 1531 14.5827 5167.42
0 17 1627 14.3004 5031.93
0 18 1723 14.035 4905.42
0 19 1820 13.785 4786.5
0 20 1917 13.5493 4674.33
0 21 2014 13.3265 4568.74
0 22 2110 13.1157 4468.48
0 23 2206 12.9161 4374.23
0 24 2301 12.7268 4285.17
0 25 2397 12.547 4200.51
0 26 2493 12.376 4120.31
0 27 2589 12.2135 4044.66
0 28 2685 12.0588 3972.79
0 29 2782 11.9113 3904.02
0 30 2878 11.7708 3839.36
0 31 2974 11.6366 3777.57
0 32 3071 11.5084 3718.7
0 33 3167 11.3859 3662.69
0 34 3264 11.2688 3609.38
0 35 3360 11.1567 3558.36
0 36 3456 11.0494 3510.18
0 37 3552 10.9466 3463.79
0 38 3649 10.848 3419.41
0 39 3746 10.7535 3377.39
0 40 3843 10.6628 3337.11
0 41 3940 10.5757 3298.38
0 42 4036 10.4921 3261.39
0 43 4131 10.4117 3226.13
0 44 4227 10.3344 3192.17
0 45 4324 10.2601 3159.81
0 46 4420 10.1885 3128.79
0 47 4516 10.1196 3099.1
0 48 4612 10.0533 3070.46
0 49 4708 9.98925 3042.9
0 50 4803 9.92761 3016.5
0 51 4899 9.86812 2991.05
0 52 4995 9.81073 2966.63
0 53 5091 9.75535 2943.1
0 54 5187 9.70189 2920.59
0 55 5297 9.65027 2898.91
0 56 5393 9.60039 2878
0 57 5489 9.55215 2857.88
0 58 5585 9.50551 2838.5
0 59 5682 9.4604 2819.78
0 60 5778 9.41672 2801.69
0 61 5874 9.37448 2784.35
0 62 5970 9.33357 2767.57
0 63 6066 9.29393 2751.29
0 64 6162 9.25557 2735.69
0 65 6258 9.21836 2720.64
0 66 6355 9.18231 2705.94
0 67 6451 9.14734 2691.83
0 68 6547 9.11342 2678.26
0 69 6643 9.08048 2665.05
0 70 6740 9.04852 2652.2
0 71 6837 9.01753 2639.88
0 72 6933 8.98744 2628
0 73 7029 8.95817 2616.35
0 74 7125 8.92968 2605.09
0 75 7221 8.90202 2594.17
0 76 7317 8.87514 2583.49
0 77 7412 8.84898 2573.22
0 78 7508 8.82353 2563.17
0 79 7604 8.79879 2553.4
0 80 7700 8.7747 2543.99
0 81 7796 8.75123 2534.85
0 82 7892 8.72839 2526.07
0 83 7988 8.70613 2517.41
0 84 8085 8.68444 2508.96
0 85 8181 8.66331 2500.7
0 86 8278 8.64271 2492.69
0 87 8375 8.62261 2484.94
0 88 8471 8.60303 2477.32
0 89 8568 8.58389 2469.96
0 90 8665 8.56522 2462.82
0 91 8762 8.54701 2455.79
0 92 8858 8.52924 2448.99
0 93 8954 8.51188 2442.31
0 94 9050 8.49489 2435.76
0 95 9146 8.47831 2429.39
0 96 9242 8.46211 2423.13
0 97 9338 8.44628 2417.15
0 98 9434 8.4308 2411.21
0 99 9530 8.41568 2405.32
0 100 9626 8.40088 2399.66