12 0 12883 0 0.456334 0.542156 0.0877711 0.102899 0.0117001
12 0 12883 1 0.481216 0.531076 0.0183454 0.133547 0.0117001
12 0 12883 2 0.596509 0.562232 0.106631 0.103605 0.0117001
12 0 12883 3 0.55105 0.540851 0.038282 0.0537481 0.0117001
12 0 12883 4 0.508687 0.542173 0.0541541 0.0809528 0.0117001
12 0 12883 5 0.580567 0.59355 0.102675 0.0852676 0.0117001
12 0 12883 6 0.555371 0.560115 0.0627156 0.075608 0.0117001
12 0 12883 7 0.563631 0.527498 0.0698147 0.076242 0.0117001
12 0 12883 8 0.520702 0.53036 0.0619571 0.0646611 0.0117001
12 0 12883 9 0.522679 0.52784 0.0677625 0.0491002 0.0117001
12 0 12883 10 0.566595 0.574543 0.0692525 0.0948881 0.0117001
12 0 12883 11 0.546687 0.57751 0.0700801 0.121032 0.0117001
12 0 12883 12 0.574553 0.535249 0.0618117 0.0633275 0.0117001
12 0 12883 13 0.536203 0.524521 0.0448504 0.0535539 0.0117001
12 0 12883 14 0.512211 0.554924 0.0530025 0.0898474 0.0117001
12 0 12883 15 0.531814 0.531072 0.0326371 0.0484052 0.0117001
12 0 12883 16 0.546589 0.533478 0.054322 0.0454427 0.0117001
12 0 12883 17 0.50679 0.549598 0.0497146 0.0852069 0.0117001
12 0 12883 18 0.57929 0.539061 0.0867567 0.0490353 0.0117001
12 0 12883 19 0.541843 0.531735 0.0693733 0.0498071 0.0117001
12 0 12883 20 0.574056 0.54591 0.0691014 0.0621169 0.0117001
12 0 12883 21 0.549259 0.550339 0.0666123 0.0570993 0.0117001
12 0 12883 22 0.548889 0.551512 0.0553772 0.074512 0.0117001
12 0 12883 23 0.550605 0.554598 0.0484345 0.0562245 0.0117001
12 0 12883 24 0.558768 0.541739 0.0625011 0.0548397 0.0117001
12 0 12883 25 0.542803 0.544886 0.0647939 0.060379 0.0117001
12 0 12883 26 0.551901 0.555511 0.0817438 0.06706 0.0117001
12 0 12883 27 0.559808 0.5535 0.0811988 0.0683863 0.0117001
12 0 12883 28 0.566357 0.52584 0.0720937 0.0616729 0.0117001
12 0 12883 29 0.566826 0.534121 0.0753071 0.058904 0.0117001
12 0 12883 30 0.550563 0.540489 0.0583648 0.0658903 0.0117001
12 0 12883 31 0.549723 0.525317 0.0742576 0.0563216 0.0117001
12 0 12883 32 0.538736 0.532008 0.0635013 0.0535257 0.0117001
12 0 12883 33 0.563899 0.523458 0.0554993 0.062003 0.0117001
12 0 12883 34 0.547184 0.544763 0.0795071 0.0821329 0.0117001
12 0 12883 35 0.558091 0.519505 0.0830662 0.0496898 0.0117001
12 0 12883 36 0.544177 0.550137 0.0751677 0.086949 0.0117001
12 0 12883 37 0.55382 0.546343 0.0538161 0.0717149 0.0117001
12 0 12883 38 0.548249 0.539873 0.0570947 0.0582519 0.0117001
12 0 12883 39 0.544104 0.543179 0.0705473 0.0729189 0.0117001
12 0 12883 40 0.557671 0.53131 0.054588 0.0623632 0.0117001
12 0 12883 41 0.541187 0.532196 0.057563 0.0604077 0.0117001
12 0 12883 42 0.553627 0.538663 0.0631147 0.0630886 0.0117001
12 0 12883 43 0.55351 0.549986 0.0665525 0.0582007 0.0117001
12 0 12883 44 0.539282 0.537446 0.0625393 0.0660497 0.0117001
12 0 12883 45 0.549009 0.533015 0.0714224 0.0698962 0.0117001
12 0 12883 46 0.543169 0.546381 0.0831163 0.0671801 0.0117001
12 0 12883 47 0.531933 0.536801 0.0524356 0.0673759 0.0117001
12 0 12883 48 0.546282 0.538195 0.0665497 0.0587557 0.0117001
12 0 12883 49 0.545912 0.541829 0.0587972 0.077378 0.0117001
12 0 12883 50 0.532927 0.526975 0.0678958 0.0617732 0.0117001
12 0 12883 51 0.555665 0.537723 0.0642268 0.054644 0.0117001
12 0 12883 52 0.536366 0.532425 0.0668848 0.0669536 0.0117001
12 0 12883 53 0.544245 0.531866 0.0748572 0.0616739 0.0117001
12 0 12883 54 0.544389 0.53856 0.0600034 0.0800775 0.0117001
12 0 12883 55 0.549985 0.53388 0.0690036 0.0618415 0.0117001
12 0 12883 56 0.552761 0.526792 0.0710766 0.0686271 0.0117001
12 0 12883 57 0.547059 0.542662 0.0639525 0.0746382 0.0117001
12 0 12883 58 0.557824 0.535035 0.0669286 0.0640106 0.0117001
12 0 12883 59 0.549309 0.54444 0.0802013 0.0730456 0.0117001
12 0 12883 60 0.55188 0.549537 0.0672551 0.0639112 0.0117001
12 0 12883 61 0.547897 0.530751 0.0727018 0.0549527 0.0117001
12 0 12883 62 0.544268 0.538929 0.0715374 0.0724999 0.0117001
12 0 12883 63 0.54297 0.536303 0.05655 0.0632473 0.0117001
12 0 12883 64 0.537647 0.536244 0.069484 0.061659 0.0117001
12 0 12883 65 0.566195 0.531847 0.0725144 0.0602426 0.0117001
12 0 12883 66 0.544941 0.543874 0.0680034 0.0759875 0.0117001
12 0 12883 67 0.55601 0.548276 0.0670296 0.0632857 0.0117001
12 0 12883 68 0.552014 0.536414 0.0715983 0.0720739 0.0117001
12 0 12883 69 0.540033 0.533032 0.0713141 0.0670202 0.0117001
12 0 12883 70 0.546481 0.5411 0.0589069 0.0652057 0.0117001
12 0 12883 71 0.545671 0.536319 0.0675422 0.062997 0.0117001
12 0 12883 72 0.553256 0.530519 0.0720099 0.0549154 0.0117001
12 0 12883 73 0.560706 0.533055 0.0652415 0.0639348 0.0117001
12 0 12883 74 0.556505 0.536545 0.0708494 0.0594935 0.0117001
12 0 12883 75 0.5483 0.545675 0.0630671 0.0629788 0.0117001
12 0 12883 76 0.551546 0.537282 0.0625466 0.0619036 0.0117001
12 0 12883 77 0.559145 0.538543 0.0758911 0.0602946 0.0117001
12 0 12883 78 0.551552 0.535052 0.0741791 0.0560419 0.0117001
12 0 12883 79 0.555778 0.530468 0.0748479 0.0603667 0.0117001
12 0 12883 80 0.560135 0.543053 0.0585556 0.0604641 0.0117001
12 0 12883 81 0.5524 0.539821 0.0607654 0.0585477 0.0117001
12 0 12883 82 0.554188 0.532885 0.0684951 0.0593968 0.0117001
12 0 12883 83 0.551921 0.539509 0.0632836 0.0728878 0.0117001
12 0 12883 84 0.547539 0.539163 0.0670142 0.0749463 0.0117001
12 0 12883 85 0.549441 0.541331 0.0711148 0.0711099 0.0117001
12 0 12883 86 0.544795 0.537964 0.0550559 0.0620649 0.0117001
12 0 12883 87 0.544524 0.536795 0.0536895 0.0583052 0.0117001
12 0 12883 88 0.549536 0.523761 0.0651025 0.0538171 0.0117001
12 0 12883 89 0.546955 0.540117 0.0666769 0.0638349 0.0117001
12 0 12883 90 0.548572 0.537738 0.0649352 0.0684538 0.0117001
12 0 12883 91 0.547749 0.532726 0.0689279 0.0669627 0.0117001
12 0 12883 92 0.549004 0.539639 0.0696856 0.0679862 0.0117001
12 0 12883 93 0.550113 0.533176 0.0671362 0.0551737 0.0117001
12 0 12883 94 0.555103 0.540328 0.0680869 0.060303 0.0117001
12 0 12883 95 0.560441 0.538191 0.0729958 0.0605702 0.0117001
12 0 12883 96 0.548753 0.539628 0.0655512 0.0556612 0.0117001
12 0 12883 97 0.553833 0.538968 0.0735952 0.0676355 0.0117001
12 0 12883 98 0.553356 0.532922 0.0672315 0.0607671 0.0117001
12 0 12883 99 0.535629 0.537744 0.0585494 0.0633558 0.0117001
12 0 12883 100 0.553733 0.538992 0.0599492 0.0674467 0.0117001
12 0 12883 101 0.548344 0.543036 0.0693674 0.0713479 0.0117001
12 0 12883 102 0.550133 0.542176 0.069161 0.0708623 0.0117001
12 0 12883 103 0.553128 0.546532 0.0682846 0.0625941 0.0117001
12 0 12883 104 0.541416 0.532774 0.0712174 0.0632434 0.0117001
12 0 12883 105 0.54127 0.542472 0.0664346 0.0701481 0.0117001
12 0 12883 106 0.54745 0.541833 0.0636354 0.0612614 0.0117001
12 0 12883 107 0.552674 0.541374 0.0732104 0.0734712 0.0117001
12 0 12883 108 0.546842 0.527697 0.0534298 0.0624428 0.0117001
12 0 12883 109 0.540764 0.533899 0.0727156 0.0563173 0.0117001
12 0 12883 110 0.552465 0.53738 0.0780792 0.0613958 0.0117001
12 0 12883 111 0.544204 0.536049 0.0619768 0.0653548 0.0117001
12 0 12883 112 0.537012 0.537339 0.0542111 0.0658221 0.0117001
12 0 12883 113 0.545526 0.537503 0.0650982 0.0609336 0.0117001
12 0 12883 114 0.547739 0.536643 0.0700175 0.0652002 0.0117001
12 0 12883 115 0.549332 0.541505 0.0648024 0.0641826 0.0117001
12 0 12883 116 0.557452 0.534363 0.0733444 0.0639008 0.0117001
12 0 12883 117 0.558424 0.531652 0.0660697 0.0538199 0.0117001
12 0 12883 118 0.556175 0.546692 0.0654682 0.0625483 0.0117001
12 0 12883 119 0.553726 0.542507 0.0603217 0.0719161 0.0117001
12 0 12883 120 0.552614 0.533296 0.06921 0.0642591 0.0117001
12 0 12883 121 0.542377 0.538077 0.0663242 0.0590115 0.0117001
12 0 12883 122 0.544008 0.529001 0.0665426 0.0625544 0.0117001
12 0 12883 123 0.54847 0.540163 0.0671808 0.0657421 0.0117001
12 0 12883 124 0.542064 0.537884 0.0689431 0.0649653 0.0117001
12 0 12883 125 0.533812 0.533752 0.0631388 0.060217 0.0117001
12 0 12883 126 0.550794 0.536316 0.0662464 0.0709346 0.0117001
12 0 12883 127 0.537903 0.541897 0.0498104 0.0654557 0.0117001
12 0 12883 128 0.552445 0.53311 0.0676215 0.0558696 0.0117001
12 0 12883 129 0.541786 0.537275 0.0628689 0.0652546 0.0117001
12 0 12883 130 0.554428 0.539523 0.0704079 0.0688955 0.0117001
12 0 12883 131 0.551452 0.539379 0.0643605 0.0624427 0.0117001
12 0 12883 132 0.552074 0.534341 0.0701383 0.0630909 0.0117001
12 0 12883 133 0.548117 0.53926 0.067077 0.0705421 0.0117001
12 0 12883 134 0.535795 0.534157 0.0623457 0.0654437 0.0117001
12 0 12883 135 0.547717 0.532262 0.0647366 0.0595578 0.0117001
12 0 12883 136 0.552133 0.54162 0.0701795 0.0657281 0.0117001
12 0 12883 137 0.551427 0.533436 0.0780862 0.0618457 0.0117001
12 0 12883 138 0.551389 0.531939 0.0715409 0.0673994 0.0117001
12 0 12883 139 0.547791 0.537332 0.0664048 0.0657267 0.0117001
12 0 12883 140 0.547523 0.546623 0.0705854 0.0711668 0.0117001
12 0 12883 141 0.547045 0.536525 0.0628701 0.0640866 0.0117001
12 0 12883 142 0.549971 0.538229 0.0652656 0.0606468 0.0117001
12 0 12883 143 0.542855 0.543569 0.0584345 0.0659324 0.0117001
12 0 12883 144 0.551502 0.542107 0.063666 0.0728793 0.0117001
12 0 12883 145 0.546427 0.533179 0.0684186 0.0672797 0.0117001
12 0 12883 146 0.550734 0.536255 0.0707898 0.0652676 0.0117001
12 0 12883 147 0.545681 0.533312 0.058699 0.0599952 0.0117001
12 0 12883 148 0.539779 0.535827 0.0620515 0.06647 0.0117001
12 0 12883 149 0.554294 0.542136 0.064589 0.0742144 0.0117001
12 0 12883 150 0.548342 0.539122 0.0654309 0.06812 0.0117001
12 0 12883 151 0.558226 0.53752 0.0758276 0.0674131 0.0117001
12 0 12883 152 0.541935 0.542265 0.0619173 0.0668984 0.0117001
12 0 12883 153 0.566996 0.543255 0.0771439 0.069287 0.0117001
12 0 12883 154 0.546405 0.53594 0.0597837 0.0577511 0.0117001
12 0 12883 155 0.542856 0.538442 0.0665038 0.0656289 0.0117001
12 0 12883 156 0.549538 0.536974 0.0686066 0.0673991 0.0117001
12 0 12883 157 0.55314 0.546814 0.0659367 0.072563 0.0117001
12 0 12883 158 0.542379 0.544078 0.0602516 0.0689394 0.0117001
12 0 12883 159 0.549942 0.532239 0.0627427 0.0667894 0.0117001
12 0 12883 160 0.547151 0.531197 0.067727 0.0619461 0.0117001
12 0 12883 161 0.548854 0.528655 0.0688398 0.061691 0.0117001
12 0 12883 162 0.548251 0.53839 0.0632899 0.0646691 0.0117001
12 0 12883 163 0.548341 0.535159 0.0683291 0.062879 0.0117001
12 0 12883 164 0.554001 0.5384 0.070034 0.0630808 0.0117001
12 0 12883 165 0.543308 0.534623 0.0626969 0.0625253 0.0117001
12 0 12883 166 0.551924 0.535714 0.0647186 0.0674529 0.0117001
12 0 12883 167 0.545275 0.538399 0.0745824 0.0575732 0.0117001
12 0 12883 168 0.548612 0.537088 0.0638725 0.07074 0.0117001
12 0 12883 169 0.547923 0.536794 0.0695025 0.0630732 0.0117001
12 0 12883 170 0.54382 0.532521 0.0668791 0.0581356 0.0117001
12 0 12883 171 0.558011 0.54264 0.0710972 0.0659713 0.0117001
12 0 12883 172 0.545088 0.538273 0.0622234 0.0654071 0.0117001
12 0 12883 173 0.552316 0.535793 0.0701689 0.0659756 0.0117001
12 0 12883 174 0.54579 0.534625 0.0711781 0.0650276 0.0117001
12 0 12883 175 0.554113 0.535866 0.0717955 0.0644788 0.0117001
12 0 12883 176 0.545963 0.538957 0.0684231 0.0647137 0.0117001
12 0 12883 177 0.548529 0.537988 0.0613909 0.063993 0.0117001
12 0 12883 178 0.545976 0.536137 0.0680874 0.0664672 0.0117001
12 0 12883 179 0.554088 0.540099 0.0691628 0.0708211 0.0117001
12 0 12883 180 0.541268 0.534722 0.0575457 0.0607215 0.0117001
12 0 12883 181 0.554099 0.536063 0.0680057 0.0567986 0.0117001
12 0 12883 182 0.548391 0.537179 0.0661078 0.0668581 0.0117001
12 0 12883 183 0.553453 0.545012 0.0693501 0.069605 0.0117001
12 0 12883 184 0.550901 0.544495 0.0734265 0.0701138 0.0117001
12 0 12883 185 0.547915 0.534223 0.06181 0.0668541 0.0117001
12 0 12883 186 0.547171 0.536619 0.06576 0.0631332 0.0117001
12 0 12883 187 0.549527 0.537978 0.0675942 0.0604347 0.0117001
12 0 12883 188 0.549358 0.533998 0.0614464 0.0585277 0.0117001
12 0 12883 189 0.537107 0.532969 0.0648857 0.0612009 0.0117001
12 0 12883 190 0.551083 0.531526 0.0677064 0.0675892 0.0117001
12 0 12883 191 0.546784 0.533585 0.0695561 0.0622165 0.0117001
12 0 12883 192 0.54735 0.539812 0.0691984 0.0698553 0.0117001
12 0 12883 193 0.550529 0.538457 0.0644266 0.0660021 0.0117001
12 0 12883 194 0.548585 0.531838 0.0605761 0.0626541 0.0117001
12 0 12883 195 0.552745 0.53842 0.0700059 0.0677784 0.0117001
12 0 12883 196 0.548529 0.535841 0.0613274 0.0682747 0.0117001
12 0 12883 197 0.556676 0.536538 0.0702099 0.0708297 0.0117001
12 0 12883 198 0.560374 0.537967 0.0738915 0.0610524 0.0117001
12 0 12883 199 0.551234 0.543177 0.0660308 0.0720574 0.0117001
12 0 12883 200 0.545668 0.539793 0.065757 0.0691977 0.0117001
12 0 12883 201 0.546235 0.533541 0.0651916 0.0599387 0.0117001
12 0 12883 202 0.549736 0.536671 0.0663996 0.0657135 0.0117001
12 0 12883 203 0.547594 0.535464 0.0608349 0.0634594 0.0117001
12 0 12883 204 0.550006 0.531276 0.0665832 0.0599253 0.0117001
12 0 12883 205 0.546128 0.535477 0.0651755 0.0639115 0.0117001
12 0 12883 206 0.556846 0.533755 0.0660845 0.0596939 0.0117001
12 0 12883 207 0.560379 0.533271 0.0752794 0.0604683 0.0117001
12 0 12883 208 0.539075 0.538222 0.0643549 0.0718506 0.0117001
12 0 12883 209 0.544042 0.533369 0.070267 0.067666 0.0117001
12 0 12883 210 0.546174 0.543031 0.0672933 0.0681718 0.0117001
12 0 12883 211 0.541544 0.53695 0.0666542 0.0658164 0.0117001
12 0 12883 212 0.555028 0.538461 0.0757393 0.0637014 0.0117001
12 0 12883 213 0.556691 0.534622 0.0701322 0.0647455 0.0117001
12 0 12883 214 0.545916 0.532396 0.0649672 0.0618076 0.0117001
12 0 12883 215 0.544944 0.537965 0.0630166 0.0658284 0.0117001
12 0 12883 216 0.547523 0.532622 0.0688932 0.0647345 0.0117001
12 0 12883 217 0.546208 0.535096 0.0653326 0.0597051 0.0117001
12 0 12883 218 0.554286 0.539739 0.0744583 0.0699003 0.0117001
12 0 12883 219 0.539779 0.537688 0.0589476 0.0702753 0.0117001
12 0 12883 220 0.553992 0.541619 0.068565 0.0701987 0.0117001
12 0 12883 221 0.543255 0.531954 0.0661569 0.0606455 0.0117001
12 0 12883 222 0.552007 0.533076 0.0625515 0.0583548 0.0117001
12 0 12883 223 0.545459 0.537457 0.0681915 0.0662983 0.0117001
12 0 12883 224 0.559003 0.537376 0.0747439 0.0657797 0.0117001
12 0 12883 225 0.542773 0.533234 0.0667987 0.0649176 0.0117001
12 0 12883 226 0.552734 0.532741 0.0666602 0.0606336 0.0117001
12 0 12883 227 0.544962 0.53859 0.0651366 0.0629121 0.0117001
12 0 12883 228 0.544158 0.534681 0.0614408 0.0662476 0.0117001
12 0 12883 229 0.547133 0.540371 0.0638343 0.0647933 0.0117001
12 0 12883 230 0.544021 0.539296 0.0673735 0.0642538 0.0117001
12 0 12883 231 0.547762 0.536272 0.0674969 0.0645133 0.0117001
12 0 12883 232 0.542704 0.537747 0.0660018 0.0639282 0.0117001
12 0 12883 233 0.545846 0.537129 0.0628747 0.0608342 0.0117001
12 0 12883 234 0.541054 0.531534 0.063087 0.0610841 0.0117001
12 0 12883 235 0.552102 0.539468 0.0609032 0.0721901 0.0117001
12 0 12883 236 0.556513 0.534667 0.0717913 0.0615078 0.0117001
12 0 12883 237 0.541923 0.540195 0.0608881 0.0685648 0.0117001
12 0 12883 238 0.548651 0.538552 0.0673548 0.0634125 0.0117001
12 0 12883 239 0.548077 0.53984 0.0661318 0.0637634 0.0117001
12 0 12883 240 0.552277 0.539196 0.0699148 0.0666529 0.0117001
12 0 12883 241 0.549234 0.540358 0.0702747 0.0671016 0.0117001
12 0 12883 242 0.54688 0.534454 0.0662158 0.0637874 0.0117001
12 0 12883 243 0.553586 0.539612 0.0703793 0.0646577 0.0117001
12 0 12883 244 0.55006 0.536563 0.0630324 0.0594958 0.0117001
12 0 12883 245 0.548638 0.536528 0.0613604 0.0694787 0.0117001
12 0 12883 246 0.543769 0.534321 0.0627584 0.0573349 0.0117001
12 0 12883 247 0.543337 0.53589 0.0650006 0.0676282 0.0117001
12 0 12883 248 0.555511 0.540372 0.0725602 0.0662668 0.0117001
12 0 12883 249 0.546335 0.537894 0.070448 0.0675773 0.0117001
12 0 12883 250 0.549169 0.538929 0.0629886 0.0682934 0.0117001
12 0 12883 251 0.555401 0.537985 0.0690257 0.0648826 0.0117001
12 0 12883 252 0.555428 0.53801 0.0676369 0.0661035 0.0117001
12 0 12883 253 0.546297 0.535694 0.0636037 0.0616171 0.0117001
12 0 12883 254 0.548876 0.541077 0.0687279 0.0700721 0.0117001
12 0 12883 255 0.552224 0.535094 0.0737102 0.0638507 0.0117001
12 0 12883 256 0.551883 0.536502 0.0641807 0.0638522 0.0117001
12 0 12883 257 0.550709 0.533181 0.0687765 0.0617615 0.0117001
12 0 12883 258 0.548986 0.536724 0.0697164 0.0722084 0.0117001
12 0 12883 259 0.54545 0.539664 0.0706953 0.0654256 0.0117001
12 0 12883 260 0.544031 0.532279 0.068223 0.0600988 0.0117001
12 0 12883 261 0.543511 0.534932 0.0668966 0.0629649 0.0117001
12 0 12883 262 0.554741 0.533842 0.0660523 0.0603701 0.0117001
12 0 12883 263 0.551494 0.540101 0.0679059 0.0632431 0.0117001
12 0 12883 264 0.550746 0.540247 0.0680855 0.0657062 0.0117001
12 0 12883 265 0.548619 0.538305 0.0605115 0.061953 0.0117001
12 0 12883 266 0.538858 0.543498 0.0698953 0.0654183 0.0117001
12 0 12883 267 0.55025 0.527831 0.0707971 0.0620277 0.0117001
12 0 12883 268 0.547702 0.54076 0.0623852 0.069149 0.0117001
12 0 12883 269 0.548257 0.536793 0.0705632 0.0698808 0.0117001
12 0 12883 270 0.542627 0.536958 0.0648129 0.0667224 0.0117001
12 0 12883 271 0.549956 0.538939 0.0668206 0.0752625 0.0117001
12 0 12883 272 0.539439 0.53729 0.0606156 0.0637818 0.0117001
12 0 12883 273 0.546313 0.533215 0.0695257 0.0663425 0.0117001
12 0 12883 274 0.550188 0.541542 0.0669601 0.0710325 0.0117001
12 0 12883 275 0.544229 0.534706 0.0664902 0.062392 0.0117001
12 0 12883 276 0.543691 0.541194 0.0703077 0.0669953 0.0117001
12 0 12883 277 0.547655 0.539756 0.0638411 0.0672721 0.0117001
12 0 12883 278 0.547465 0.536501 0.0703771 0.0660511 0.0117001
12 0 12883 279 0.552322 0.539012 0.0735134 0.0646465 0.0117001
12 0 12883 280 0.541308 0.532696 0.06147 0.0666144 0.0117001
12 0 12883 281 0.555045 0.53517 0.0685492 0.0640696 0.0117001
12 0 12883 282 0.543643 0.531658 0.0649758 0.0657678 0.0117001
12 0 12883 283 0.548945 0.541917 0.0674321 0.0716895 0.0117001
12 0 12883 284 0.55128 0.535598 0.0674903 0.0642028 0.0117001
12 0 12883 285 0.544423 0.532732 0.0700806 0.0669804 0.0117001
12 0 12883 286 0.549304 0.54134 0.070384 0.0667628 0.0117001
12 0 12883 287 0.555233 0.536496 0.0744574 0.0668084 0.0117001
12 0 12883 288 0.54684 0.535503 0.0685032 0.0626155 0.0117001
12 0 12883 289 0.554068 0.53561 0.0679751 0.064183 0.0117001
12 0 12883 290 0.554016 0.541382 0.0695622 0.0705818 0.0117001
12 0 12883 291 0.545773 0.535791 0.0644459 0.0624883 0.0117001
12 0 12883 292 0.552212 0.533473 0.0668288 0.0643165 0.0117001
12 0 12883 293 0.549563 0.535987 0.0667325 0.0629684 0.0117001
12 0 12883 294 0.54349 0.540667 0.0704831 0.0703117 0.0117001
12 0 12883 295 0.55281 0.534112 0.0644052 0.0608124 0.0117001
12 0 12883 296 0.552053 0.53667 0.0700277 0.0624327 0.0117001
12 0 12883 297 0.551039 0.533422 0.0664834 0.0600384 0.0117001
12 0 12883 298 0.546881 0.535733 0.0723767 0.0610852 0.0117001
12 0 12883 299 0.554081 0.539719 0.069072 0.071188 0.0117001
12 0 12883 300 0.548606 0.534773 0.0683892 0.0628261 0.0117001
12 0 12883 301 0.549426 0.53831 0.0720031 0.0677636 0.0117001
12 0 12883 302 0.55327 0.533385 0.0689801 0.0616779 0.0117001
12 0 12883 303 0.545151 0.533524 0.0651034 0.0610907 0.0117001
12 0 12883 304 0.544961 0.53311 0.0656423 0.0651439 0.0117001
12 0 12883 305 0.553786 0.536205 0.0703649 0.0649821 0.0117001
12 0 12883 306 0.549693 0.540234 0.0684922 0.06919 0.0117001
12 0 12883 307 0.545742 0.541613 0.0670157 0.0679908 0.0117001
12 0 12883 308 0.54917 0.541323 0.065933 0.0685648 0.0117001
12 0 12883 309 0.550262 0.537264 0.0675299 0.066415 0.0117001
12 0 12883 310 0.55612 0.534789 0.070091 0.0606792 0.0117001
12 0 12883 311 0.550717 0.537222 0.0678178 0.0655673 0.0117001
12 0 12883 312 0.545671 0.542281 0.0672981 0.0675106 0.0117001
12 0 12883 313 0.552969 0.536148 0.0735603 0.0653243 0.0117001
12 0 12883 314 0.549888 0.535507 0.0690699 0.0683423 0.0117001
12 0 12883 315 0.541714 0.535284 0.0646573 0.0671089 0.0117001
12 0 12883 316 0.54424 0.535711 0.0687981 0.0651508 0.0117001
12 0 12883 317 0.550176 0.537045 0.0668967 0.0627191 0.0117001
12 0 12883 318 0.54767 0.533051 0.0707401 0.0611919 0.0117001
12 0 12883 319 0.5509 0.534562 0.0644911 0.0638743 0.0117001
12 0 12883 320 0.555296 0.538355 0.0724382 0.0672363 0.0117001
12 0 12883 321 0.552948 0.53992 0.064958 0.0651939 0.0117001
12 0 12883 322 0.546191 0.539654 0.0686803 0.0670653 0.0117001
12 0 12883 323 0.552012 0.539838 0.0690721 0.0676843 0.0117001
12 0 12883 324 0.552083 0.540948 0.0657187 0.0658431 0.0117001
12 0 12883 325 0.547711 0.53385 0.065597 0.0613843 0.0117001
12 0 12883 326 0.54155 0.537423 0.0640443 0.0638282 0.0117001
12 0 12883 327 0.548194 0.537471 0.0672612 0.0598461 0.0117001
12 0 12883 328 0.550062 0.536802 0.0655905 0.0645327 0.0117001
12 0 12883 329 0.547899 0.536992 0.0640194 0.0640453 0.0117001
12 0 12883 330 0.546882 0.535244 0.064725 0.0620671 0.0117001
12 0 12883 331 0.545687 0.534626 0.0669601 0.0651407 0.0117001
12 0 12883 332 0.546193 0.534789 0.0654717 0.0649129 0.0117001
12 0 12883 333 0.549874 0.53521 0.0655242 0.063387 0.0117001
12 0 12883 334 0.546973 0.537395 0.065337 0.0627229 0.0117001
12 0 12883 335 0.545881 0.534058 0.0649393 0.0622588 0.0117001
12 0 12883 336 0.547792 0.53096 0.0651731 0.0637842 0.0117001
12 0 12883 337 0.549651 0.534679 0.0642988 0.0629542 0.0117001
12 0 12883 338 0.547656 0.533247 0.0682201 0.0641625 0.0117001
12 0 12883 339 0.545874 0.534814 0.0671246 0.0612134 0.0117001
12 0 12883 340 0.553714 0.538655 0.067761 0.0675199 0.0117001
12 0 12883 341 0.552383 0.536409 0.0624435 0.0691211 0.0117001
12 0 12883 342 0.542752 0.535923 0.0651985 0.0597375 0.0117001
12 0 12883 343 0.546877 0.532734 0.0682188 0.0598885 0.0117001
12 0 12883 344 0.550421 0.540051 0.0671221 0.0666944 0.0117001
12 0 12883 345 0.552766 0.535004 0.0703538 0.061127 0.0117001
12 0 12883 346 0.550051 0.543821 0.0683106 0.0686833 0.0117001
12 0 12883 347 0.544581 0.535417 0.06499 0.0649266 0.0117001
12 0 12883 348 0.552328 0.53713 0.0653113 0.0624704 0.0117001
12 0 12883 349 0.551677 0.537706 0.0707151 0.0672166 0.0117001
12 0 12883 350 0.55585 0.533925 0.0712393 0.0612336 0.0117001
12 0 12883 351 0.541849 0.539132 0.0628171 0.0631534 0.0117001
12 0 12883 352 0.547331 0.539411 0.0710968 0.0605947 0.0117001
12 0 12883 353 0.555251 0.538073 0.0672156 0.0630183 0.0117001
12 0 12883 354 0.552223 0.539521 0.0678723 0.0651534 0.0117001
12 0 12883 355 0.545502 0.541699 0.0629541 0.0685666 0.0117001
12 0 12883 356 0.552299 0.54 0.0688543 0.0672058 0.0117001
12 0 12883 357 0.549268 0.533694 0.064567 0.0635874 0.0117001
12 0 12883 358 0.558667 0.535486 0.0706055 0.0585286 0.0117001
12 0 12883 359 0.552472 0.537866 0.0684281 0.06616 0.0117001
12 0 12883 360 0.544484 0.536972 0.0637814 0.0650422 0.0117001
12 0 12883 361 0.55244 0.533396 0.069084 0.0619879 0.0117001
12 0 12883 362 0.548384 0.53778 0.0671142 0.0630772 0.0117001
12 0 12883 363 0.547698 0.530114 0.0672001 0.0625601 0.0117001
12 0 12883 364 0.547256 0.538989 0.0636266 0.0619881 0.0117001
12 0 12883 365 0.552065 0.538248 0.0688692 0.0661957 0.0117001
12 0 12883 366 0.551099 0.535808 0.0701527 0.0664273 0.0117001
12 0 12883 367 0.553296 0.537418 0.0718876 0.063728 0.0117001
12 0 12883 368 0.551062 0.537018 0.068331 0.0672605 0.0117001
12 0 12883 369 0.547089 0.540891 0.0697996 0.0733768 0.0117001
12 0 12883 370 0.552534 0.534414 0.0683589 0.0606952 0.0117001
12 0 12883 371 0.549166 0.5363 0.0728612 0.0634948 0.0117001
12 0 12883 372 0.545148 0.544477 0.0684031 0.0709716 0.0117001
12 0 12883 373 0.547044 0.538545 0.0644781 0.0666862 0.0117001
12 0 12883 374 0.5514 0.531608 0.0676782 0.0600736 0.0117001
12 0 12883 375 0.554657 0.532228 0.0689726 0.0613887 0.0117001
12 0 12883 376 0.550854 0.540092 0.0710523 0.0645343 0.0117001
12 0 12883 377 0.544439 0.543699 0.0660718 0.0685492 0.0117001
12 0 12883 378 0.548838 0.534344 0.0692792 0.0621119 0.0117001
12 0 12883 379 0.550463 0.534966 0.0703854 0.0632729 0.0117001
12 0 12883 380 0.552199 0.533984 0.0669706 0.0655254 0.0117001
12 0 12883 381 0.549645 0.53493 0.0650442 0.0596547 0.0117001
12 0 12883 382 0.546145 0.54154 0.0685028 0.0682738 0.0117001
12 0 12883 383 0.554135 0.535587 0.072193 0.0641115 0.0117001
12 0 12883 384 0.545798 0.532777 0.0685384 0.0600835 0.0117001
12 0 12883 385 0.551033 0.534864 0.0662253 0.0630045 0.0117001
12 0 12883 386 0.548938 0.539111 0.0640919 0.0652394 0.0117001
12 0 12883 387 0.548162 0.541566 0.0641194 0.0658789 0.0117001
12 0 12883 388 0.555657 0.532041 0.0702844 0.0638526 0.0117001
12 0 12883 389 0.549991 0.534504 0.065257 0.0589641 0.0117001
12 0 12883 390 0.545792 0.534871 0.0658573 0.0680313 0.0117001
12 0 12883 391 0.554492 0.535723 0.0672215 0.0632679 0.0117001
12 0 12883 392 0.551546 0.538573 0.0688634 0.065554 0.0117001
12 0 12883 393 0.545905 0.537843 0.0651368 0.0649625 0.0117001
12 0 12883 394 0.548335 0.536331 0.0687547 0.0626125 0.0117001
12 0 12883 395 0.553744 0.541593 0.0676916 0.0663699 0.0117001
12 0 12883 396 0.544077 0.536924 0.0661323 0.064386 0.0117001
12 0 12883 397 0.547983 0.536971 0.0702577 0.0655429 0.0117001
12 0 12883 398 0.54214 0.538386 0.0647474 0.0641277 0.0117001
12 0 12883 399 0.545939 0.540579 0.0664569 0.0693081 0.0117001
12 0 12883 400 0.549932 0.535485 0.0691899 0.0657889 0.0117001
12 0 12883 401 0.547192 0.537128 0.0642952 0.0651493 0.0117001
12 0 12883 402 0.550144 0.540332 0.0712536 0.066529 0.0117001
12 0 12883 403 0.547273 0.535721 0.0619541 0.06447 0.0117001
12 0 12883 404 0.549425 0.535558 0.0671543 0.0596835 0.0117001
12 0 12883 405 0.551959 0.541759 0.0700436 0.0680021 0.0117001
12 0 12883 406 0.553492 0.534448 0.0709585 0.0604154 0.0117001
12 0 12883 407 0.545545 0.536723 0.0677848 0.0648227 0.0117001
12 0 12883 408 0.544955 0.537253 0.0693421 0.0638883 0.0117001
12 0 12883 409 0.551901 0.536821 0.0677563 0.0647826 0.0117001
12 0 12883 410 0.550299 0.539213 0.0673913 0.0651989 0.0117001
12 0 12883 411 0.550373 0.532683 0.0691512 0.0627211 0.0117001
12 0 12883 412 0.541901 0.538612 0.0637129 0.0649031 0.0117001
12 0 12883 413 0.554252 0.538022 0.0715547 0.0691166 0.0117001
12 0 12883 414 0.552866 0.533789 0.0711007 0.0629611 0.0117001
12 0 12883 415 0.547627 0.536402 0.0663827 0.0590802 0.0117001
12 0 12883 416 0.550744 0.538195 0.0655541 0.0633542 0.0117001
12 0 12883 417 0.549397 0.536957 0.0681493 0.0629939 0.0117001
12 0 12883 418 0.549905 0.537016 0.0684791 0.0650093 0.0117001
12 0 12883 419 0.553857 0.53752 0.0675468 0.0662372 0.0117001
12 0 12883 420 0.545868 0.538395 0.0700478 0.0680533 0.0117001
12 0 12883 421 0.547547 0.543193 0.0716909 0.0711776 0.0117001
12 0 12883 422 0.553297 0.538881 0.0672426 0.0681647 0.0117001
12 0 12883 423 0.549851 0.540243 0.0682663 0.0711957 0.0117001
12 0 12883 424 0.546195 0.537997 0.0671899 0.062428 0.0117001
12 0 12883 425 0.550789 0.534932 0.0642474 0.0651681 0.0117001
12 0 12883 426 0.544753 0.54012 0.0614628 0.0653856 0.0117001
12 0 12883 427 0.543689 0.535778 0.0685063 0.0613296 0.0117001
12 0 12883 428 0.547024 0.541245 0.0629503 0.0689675 0.0117001
12 0 12883 429 0.544267 0.54028 0.0691242 0.0688086 0.0117001
12 0 12883 430 0.542347 0.53479 0.0663066 0.0648089 0.0117001
12 0 12883 431 0.549828 0.536015 0.0693821 0.0626117 0.0117001
12 0 12883 432 0.551501 0.53798 0.0676901 0.0658035 0.0117001
12 0 12883 433 0.554096 0.536575 0.0681441 0.0635648 0.0117001
12 0 12883 434 0.549034 0.537303 0.0666199 0.0630832 0.0117001
12 0 12883 435 0.548375 0.535883 0.0688584 0.0642918 0.0117001
12 0 12883 436 0.549169 0.530855 0.0648735 0.0611874 0.0117001
12 0 12883 437 0.554314 0.533828 0.0698742 0.0669695 0.0117001
12 0 12883 438 0.546496 0.539428 0.0636387 0.0636064 0.0117001
12 0 12883 439 0.549801 0.535184 0.0705468 0.0599963 0.0117001
12 0 12883 440 0.551229 0.539754 0.0683747 0.0663873 0.0117001
12 0 12883 441 0.550225 0.536907 0.0635974 0.0627779 0.0117001
12 0 12883 442 0.550345 0.536329 0.0684957 0.0653737 0.0117001
12 0 12883 443 0.550985 0.536921 0.065908 0.0624387 0.0117001
12 0 12883 444 0.550542 0.536005 0.0709322 0.0650716 0.0117001
12 0 12883 445 0.549014 0.540162 0.0669442 0.0652084 0.0117001
12 0 12883 446 0.554064 0.538736 0.0709573 0.0673942 0.0117001
12 0 12883 447 0.550644 0.539169 0.0663378 0.0626787 0.0117001
12 0 12883 448 0.550361 0.536459 0.0661023 0.0671991 0.0117001
12 0 12883 449 0.544608 0.534365 0.0628968 0.0655443 0.0117001
12 0 12883 450 0.548888 0.536553 0.0658241 0.0703302 0.0117001
12 0 12883 451 0.544499 0.533093 0.0713535 0.0627818 0.0117001
12 0 12883 452 0.549342 0.536598 0.0703129 0.0655088 0.0117001
12 0 12883 453 0.550178 0.535557 0.0669314 0.0640733 0.0117001
12 0 12883 454 0.550942 0.536837 0.0674177 0.0642235 0.0117001
12 0 12883 455 0.551516 0.532452 0.0677155 0.0609487 0.0117001
12 0 12883 456 0.54951 0.536585 0.0661418 0.0629812 0.0117001
12 0 12883 457 0.548836 0.536417 0.067613 0.0652615 0.0117001
12 0 12883 458 0.556263 0.534885 0.0667622 0.062799 0.0117001
12 0 12883 459 0.550211 0.535162 0.0651684 0.0625149 0.0117001
12 0 12883 460 0.539514 0.535068 0.0661123 0.0640263 0.0117001
12 0 12883 461 0.54886 0.540383 0.0679913 0.0702109 0.0117001
12 0 12883 462 0.554225 0.541432 0.071416 0.0681118 0.0117001
12 0 12883 463 0.549891 0.533863 0.068676 0.0654507 0.0117001
12 0 12883 464 0.554224 0.537866 0.0681938 0.0662595 0.0117001
12 0 12883 465 0.544947 0.536018 0.0652101 0.059491 0.0117001
12 0 12883 466 0.551584 0.537004 0.0637682 0.0641888 0.0117001
12 0 12883 467 0.543791 0.537334 0.0691419 0.0681115 0.0117001
12 0 12883 468 0.553038 0.538309 0.066607 0.0650723 0.0117001
12 0 12883 469 0.548602 0.538154 0.0657691 0.065587 0.0117001
12 0 12883 470 0.546763 0.537168 0.0665189 0.0623291 0.0117001
12 0 12883 471 0.549279 0.539335 0.0665751 0.0672589 0.0117001
12 0 12883 472 0.551093 0.537845 0.0659545 0.0644503 0.0117001
12 0 12883 473 0.548851 0.537637 0.0700562 0.067113 0.0117001
12 0 12883 474 0.543209 0.534983 0.063479 0.0641948 0.0117001
12 0 12883 475 0.552166 0.53694 0.0675378 0.0625398 0.0117001
12 0 12883 476 0.543575 0.537358 0.0659992 0.0634597 0.0117001
12 0 12883 477 0.555176 0.537251 0.0680188 0.0635842 0.0117001
12 0 12883 478 0.55532 0.534303 0.0687075 0.0669942 0.0117001
12 0 12883 479 0.549918 0.538865 0.0698003 0.066055 0.0117001
12 0 12883 480 0.549872 0.537121 0.0677152 0.0684691 0.0117001
12 0 12883 481 0.548289 0.542167 0.0668813 0.0675628 0.0117001
12 0 12883 482 0.550774 0.53864 0.0658468 0.0646758 0.0117001
12 0 12883 483 0.547595 0.536569 0.0631403 0.0631471 0.0117001
12 0 12883 484 0.546312 0.534752 0.0656864 0.0631317 0.0117001
12 0 12883 485 0.543274 0.534867 0.0633497 0.0619775 0.0117001
12 0 12883 486 0.553952 0.536837 0.0718596 0.0599043 0.0117001
12 0 12883 487 0.547993 0.537508 0.0692085 0.0643812 0.0117001
12 0 12883 488 0.552864 0.533342 0.0701461 0.0631049 0.0117001
12 0 12883 489 0.554874 0.537931 0.0700044 0.065435 0.0117001
12 0 12883 490 0.551492 0.536228 0.0736621 0.0667854 0.0117001
12 0 12883 491 0.546188 0.535919 0.0676266 0.0639971 0.0117001
12 0 12883 492 0.548844 0.534025 0.0655923 0.0597678 0.0117001
12 0 12883 493 0.549729 0.537164 0.0682534 0.0621578 0.0117001
12 0 12883 494 0.547046 0.536269 0.0647827 0.065578 0.0117001
12 0 12883 495 0.551143 0.536903 0.0658524 0.0658504 0.0117001
12 0 12883 496 0.549926 0.534157 0.0695062 0.0631382 0.0117001
12 0 12883 497 0.546769 0.53276 0.0659643 0.0616186 0.0117001
12 0 12883 498 0.550724 0.535902 0.0669263 0.0652366 0.0117001
12 0 12883 499 0.55159 0.536446 0.0684033 0.0636624 0.0117001
12 0 12883 500 0.554274 0.537392 0.0681359 0.0623265 0.0117001
12 0 12883 501 0.544671 0.53531 0.0633532 0.0608521 0.0117001
12 0 12883 502 0.55109 0.538307 0.0698227 0.0616554 0.0117001
12 0 12883 503 0.546943 0.538409 0.0633077 0.0637287 0.0117001
12 0 12883 504 0.549171 0.531911 0.0674191 0.0626346 0.0117001
12 0 12883 505 0.551494 0.538057 0.0678599 0.0656157 0.0117001
12 0 12883 506 0.54945 0.536719 0.0644272 0.0632232 0.0117001
12 0 12883 507 0.548061 0.537072 0.0654522 0.0617585 0.0117001
12 0 12883 508 0.546727 0.541316 0.067983 0.063423 0.0117001
12 0 12883 509 0.54663 0.538695 0.0663161 0.0648471 0.0117001
12 0 12883 510 0.547805 0.538396 0.065822 0.0679053 0.0117001
12 0 12883 511 0.546574 0.534034 0.0692198 0.0640367 0.0117001
12 0 12883 512 0.545373 0.537409 0.0644818 0.0665364 0.0117001
12 0 12883 513 0.552555 0.536654 0.0672361 0.0660055 0.0117001
12 0 12883 514 0.54632 0.535934 0.0660616 0.0641541 0.0117001
12 0 12883 515 0.550857 0.537202 0.067386 0.0645803 0.0117001
12 0 12883 516 0.546093 0.534828 0.0651384 0.0620678 0.0117001
12 0 12883 517 0.549812 0.539188 0.0677561 0.0642263 0.0117001
12 0 12883 518 0.550865 0.538974 0.0695458 0.069386 0.0117001
12 0 12883 519 0.550817 0.536302 0.0663738 0.0618953 0.0117001
12 0 12883 520 0.545848 0.54015 0.0676708 0.0644169 0.0117001
12 0 12883 521 0.550816 0.533805 0.0650097 0.0590632 0.0117001
12 0 12883 522 0.555985 0.540654 0.0729473 0.0638871 0.0117001
12 0 12883 523 0.549763 0.532696 0.0679598 0.0651828 0.0117001
12 0 12883 524 0.556197 0.535621 0.0690507 0.0635944 0.0117001
12 0 12883 525 0.547737 0.535981 0.0637202 0.0637733 0.0117001
12 0 12883 526 0.547177 0.534961 0.0685938 0.0623383 0.0117001
12 0 12883 527 0.546291 0.537325 0.0669508 0.0639296 0.0117001
12 0 12883 528 0.545409 0.541417 0.0648938 0.0671513 0.0117001
12 0 12883 529 0.549266 0.538348 0.0661792 0.0665853 0.0117001
12 0 12883 530 0.547957 0.537275 0.0645716 0.0659966 0.0117001
12 0 12883 531 0.546111 0.534508 0.0661638 0.0583386 0.0117001
12 0 12883 532 0.543502 0.539068 0.0639696 0.0637309 0.0117001
12 0 12883 533 0.552509 0.537047 0.0647663 0.0651388 0.0117001
12 0 12883 534 0.546636 0.535643 0.0642803 0.0624771 0.0117001
12 0 12883 535 0.55494 0.538067 0.0715256 0.0683983 0.0117001
12 0 12883 536 0.550954 0.539591 0.067989 0.0649882 0.0117001
12 0 12883 537 0.550634 0.537382 0.0707913 0.0677863 0.0117001
12 0 12883 538 0.548512 0.534528 0.071379 0.0624505 0.0117001
12 0 12883 539 0.549411 0.538344 0.0661288 0.0661044 0.0117001
12 0 12883 540 0.54886 0.537325 0.0640113 0.0669501 0.0117001
12 0 12883 541 0.547988 0.53569 0.065767 0.0662891 0.0117001
12 0 12883 542 0.546271 0.537036 0.0689606 0.0656793 0.0117001
12 0 12883 543 0.547661 0.536011 0.067654 0.0672837 0.0117001
12 0 12883 544 0.548532 0.538562 0.0693326 0.0663521 0.0117001
12 0 12883 545 0.550691 0.536012 0.0659092 0.0633023 0.0117001
12 0 12883 546 0.553074 0.534001 0.0705383 0.0625492 0.0117001
12 0 12883 547 0.549507 0.536229 0.0654641 0.064822 0.0117001
12 0 12883 548 0.546778 0.538859 0.065974 0.0655454 0.0117001
12 0 12883 549 0.548216 0.535363 0.0659804 0.0620193 0.0117001
12 0 12883 550 0.548753 0.533581 0.0686357 0.0610777 0.0117001
12 0 12883 551 0.544533 0.537822 0.0687176 0.0662287 0.0117001
12 0 12883 552 0.549704 0.536129 0.0684512 0.0663159 0.0117001
12 0 12883 553 0.550771 0.536158 0.0679253 0.0603423 0.0117001
12 0 12883 554 0.545148 0.541237 0.0651072 0.0700385 0.0117001
12 0 12883 555 0.548905 0.53589 0.0652259 0.0607761 0.0117001
12 0 12883 556 0.552784 0.535855 0.0669111 0.0615655 0.0117001
12 0 12883 557 0.552988 0.538349 0.0700399 0.0660252 0.0117001
12 0 12883 558 0.55089 0.538592 0.0706265 0.0643005 0.0117001
12 0 12883 559 0.542182 0.537486 0.064897 0.0659734 0.0117001
12 0 12883 560 0.547974 0.538483 0.0676676 0.0628331 0.0117001
12 0 12883 561 0.547194 0.540269 0.0703087 0.0696513 0.0117001
12 0 12883 562 0.547882 0.535153 0.0652807 0.0620468 0.0117001
12 0 12883 563 0.555226 0.535114 0.0677771 0.0618344 0.0117001
12 0 12883 564 0.555832 0.53757 0.0680014 0.0666074 0.0117001
12 0 12883 565 0.548533 0.535887 0.0654465 0.0642522 0.0117001
12 0 12883 566 0.549004 0.533321 0.0660351 0.0611276 0.0117001
12 0 12883 567 0.544894 0.537019 0.064127 0.0628564 0.0117001
12 0 12883 568 0.546387 0.542572 0.063663 0.0692499 0.0117001
12 0 12883 569 0.552388 0.537645 0.0714231 0.0618464 0.0117001
12 0 12883 570 0.550122 0.536796 0.0689792 0.065186 0.0117001
12 0 12883 571 0.543511 0.537967 0.0646326 0.0662868 0.0117001
12 0 12883 572 0.55223 0.541509 0.0668884 0.0679526 0.0117001
12 0 12883 573 0.550796 0.534857 0.0706736 0.0626601 0.0117001
12 0 12883 574 0.551154 0.536423 0.0684903 0.0612442 0.0117001
12 0 12883 575 0.549172 0.532703 0.06749 0.0591006 0.0117001
12 0 12883 576 0.549258 0.537192 0.0690631 0.0634355 0.0117001
12 0 12883 577 0.547102 0.540014 0.0647977 0.0668428 0.0117001
12 0 12883 578 0.547388 0.536757 0.0647161 0.0636403 0.0117001
12 0 12883 579 0.551106 0.540357 0.0697417 0.069478 0.0117001
12 0 12883 580 0.55126 0.538378 0.065579 0.065258 0.0117001
12 0 12883 581 0.552539 0.536351 0.0711531 0.065179 0.0117001
12 0 12883 582 0.546608 0.537403 0.0664928 0.062565 0.0117001
12 0 12883 583 0.549335 0.53804 0.0666396 0.0655881 0.0117001
12 0 12883 584 0.543719 0.533428 0.0661819 0.0630193 0.0117001
12 0 12883 585 0.548111 0.535875 0.0669124 0.0642789 0.0117001
12 0 12883 586 0.548046 0.537519 0.0644917 0.0619875 0.0117001
12 0 12883 587 0.543978 0.538106 0.0691835 0.0640798 0.0117001
12 0 12883 588 0.550601 0.537335 0.0687675 0.0637738 0.0117001
12 0 12883 589 0.553202 0.536528 0.0683662 0.0626546 0.0117001
12 0 12883 590 0.545912 0.539144 0.0692729 0.0651412 0.0117001
12 0 12883 591 0.546544 0.535604 0.0650198 0.06363 0.0117001
12 0 12883 592 0.549915 0.537808 0.0632386 0.0683309 0.0117001
12 0 12883 593 0.550923 0.537044 0.0703691 0.0643402 0.0117001
12 0 12883 594 0.548597 0.533905 0.0624126 0.0608155 0.0117001
12 0 12883 595 0.548346 0.537329 0.0675429 0.063837 0.0117001
12 0 12883 596 0.545193 0.543432 0.0636023 0.0696634 0.0117001
12 0 12883 597 0.552585 0.538617 0.0713281 0.067208 0.0117001
12 0 12883 598 0.545604 0.539373 0.0692921 0.0665828 0.0117001
12 0 12883 599 0.550135 0.535157 0.0716016 0.0612694 0.0117001
12 0 12883 600 0.549307 0.535699 0.0695323 0.0661191 0.0117001
12 0 12883 601 0.552349 0.534644 0.0707992 0.0618537 0.0117001
12 0 12883 602 0.541953 0.536859 0.0661802 0.068572 0.0117001
12 0 12883 603 0.545911 0.539084 0.0672042 0.0679111 0.0117001
12 0 12883 604 0.54303 0.53661 0.0651648 0.0582144 0.0117001
12 0 12883 605 0.550885 0.536643 0.0653923 0.0628957 0.0117001
12 0 12883 606 0.552518 0.534585 0.0680788 0.0624083 0.0117001
12 0 12883 607 0.545648 0.539651 0.0633007 0.0674124 0.0117001
12 0 12883 608 0.544863 0.538466 0.0644469 0.0669736 0.0117001
12 0 12883 609 0.555144 0.536636 0.0705082 0.0613544 0.0117001
12 0 12883 610 0.550702 0.536834 0.0708705 0.0640159 0.0117001
12 0 12883 611 0.551285 0.534533 0.0712581 0.0633279 0.0117001
12 0 12883 612 0.550095 0.535731 0.0699995 0.066034 0.0117001
12 0 12883 613 0.551711 0.539774 0.0715544 0.068849 0.0117001
12 0 12883 614 0.549384 0.537354 0.0704071 0.0637728 0.0117001
12 0 12883 615 0.545152 0.538904 0.0660363 0.0653834 0.0117001
12 0 12883 616 0.549941 0.53662 0.0673535 0.0652995 0.0117001
12 0 12883 617 0.553687 0.541449 0.0683314 0.0697724 0.0117001
12 0 12883 618 0.548624 0.533779 0.0658247 0.0621059 0.0117001
12 0 12883 619 0.552292 0.538723 0.0675341 0.0687583 0.0117001
12 0 12883 620 0.548943 0.53688 0.0701812 0.0647687 0.0117001
12 0 12883 621 0.549859 0.53657 0.066287 0.0662112 0.0117001
12 0 12883 622 0.544494 0.537263 0.0641404 0.0620809 0.0117001
12 0 12883 623 0.548757 0.533387 0.0690236 0.0603582 0.0117001
12 0 12883 624 0.550908 0.536297 0.0687996 0.0615385 0.0117001
12 0 12883 625 0.546702 0.535262 0.0672932 0.0617513 0.0117001
12 0 12883 626 0.549702 0.535624 0.0686167 0.0602275 0.0117001
12 0 12883 627 0.547951 0.535856 0.0675087 0.0660344 0.0117001
12 0 12883 628 0.549082 0.53388 0.064721 0.0613172 0.0117001
12 0 12883 629 0.545694 0.537342 0.0693074 0.0639473 0.0117001
12 0 12883 630 0.550561 0.534119 0.0668324 0.062976 0.0117001
12 0 12883 631 0.547177 0.538205 0.0663271 0.0639669 0.0117001
12 0 12883 632 0.552524 0.536825 0.0695854 0.0610005 0.0117001
12 0 12883 633 0.549137 0.538885 0.0679229 0.068708 0.0117001
12 0 12883 634 0.549671 0.539474 0.0685765 0.0642668 0.0117001
12 0 12883 635 0.549837 0.534632 0.0671421 0.0616828 0.0117001
12 0 12883 636 0.546711 0.538303 0.0670433 0.0666984 0.0117001
12 0 12883 637 0.544407 0.535679 0.0645905 0.0648285 0.0117001
12 0 12883 638 0.553386 0.536025 0.0676591 0.0650714 0.0117001
12 0 12883 639 0.548358 0.535937 0.0679121 0.0630232 0.0117001
12 0 12883 640 0.552065 0.537744 0.0698253 0.0641456 0.0117001
12 0 12883 641 0.548228 0.534691 0.0695326 0.0620196 0.0117001
12 0 12883 642 0.547494 0.538361 0.070059 0.0634388 0.0117001
12 0 12883 643 0.551326 0.53489 0.0669361 0.0621802 0.0117001
12 0 12883 644 0.551237 0.537272 0.0690516 0.0658429 0.0117001
12 0 12883 645 0.546844 0.538852 0.063885 0.0648157 0.0117001
12 0 12883 646 0.552357 0.536452 0.069451 0.0640884 0.0117001
12 0 12883 647 0.552177 0.538471 0.0661779 0.0666919 0.0117001
12 0 12883 648 0.549898 0.538298 0.0661155 0.0634437 0.0117001
12 0 12883 649 0.551529 0.533414 0.0698813 0.0653655 0.0117001
12 0 12883 650 0.546432 0.538575 0.0660027 0.0641713 0.0117001
12 0 12883 651 0.544936 0.536738 0.0675285 0.0632787 0.0117001
12 0 12883 652 0.546555 0.537047 0.0658721 0.0616523 0.0117001
12 0 12883 653 0.548228 0.536604 0.0634417 0.0615108 0.0117001
12 0 12883 654 0.551343 0.535922 0.06871 0.0644007 0.0117001
12 0 12883 655 0.543962 0.538625 0.0669945 0.0670831 0.0117001
12 0 12883 656 0.555187 0.536828 0.0692333 0.0628499 0.0117001
12 0 12883 657 0.549831 0.537963 0.0658627 0.0636913 0.0117001
12 0 12883 658 0.546709 0.537414 0.0689677 0.0643994 0.0117001
12 0 12883 659 0.552179 0.535759 0.0677705 0.0622609 0.0117001
12 0 12883 660 0.548635 0.531958 0.0670419 0.0601751 0.0117001
12 0 12883 661 0.546947 0.532356 0.0653121 0.0631937 0.0117001
12 0 12883 662 0.545397 0.540557 0.0673106 0.0654825 0.0117001
12 0 12883 663 0.545625 0.536074 0.0608539 0.0652629 0.0117001
12 0 12883 664 0.549376 0.537086 0.0711377 0.0636515 0.0117001
12 0 12883 665 0.548543 0.536439 0.064896 0.0644547 0.0117001
12 0 12883 666 0.546937 0.535644 0.0643639 0.0633261 0.0117001
12 0 12883 667 0.548357 0.536181 0.0690193 0.065466 0.0117001
12 0 12883 668 0.546522 0.536273 0.0688889 0.0651545 0.0117001
12 0 12883 669 0.546633 0.538817 0.0680695 0.0662908 0.0117001
12 0 12883 670 0.551051 0.53935 0.0669425 0.0664405 0.0117001
12 0 12883 671 0.546615 0.537737 0.0657017 0.0673547 0.0117001
12 0 12883 672 0.552128 0.538389 0.0695831 0.0654439 0.0117001
12 0 12883 673 0.549573 0.535576 0.0685742 0.0657816 0.0117001
12 0 12883 674 0.551378 0.53551 0.0674176 0.0623413 0.0117001
12 0 12883 675 0.549944 0.534317 0.0687351 0.0590541 0.0117001
12 0 12883 676 0.54674 0.542489 0.0675771 0.0700753 0.0117001
12 0 12883 677 0.547339 0.532788 0.0687892 0.0629371 0.0117001
12 0 12883 678 0.548029 0.53354 0.0676137 0.0639815 0.0117001
12 0 12883 679 0.552711 0.539482 0.0700837 0.0648523 0.0117001
12 0 12883 680 0.546975 0.533245 0.0654871 0.0613523 0.0117001
12 0 12883 681 0.550119 0.538434 0.0664416 0.0662032 0.0117001
12 0 12883 682 0.551079 0.537684 0.0717175 0.0636919 0.0117001
12 0 12883 683 0.547956 0.537782 0.0703801 0.0666554 0.0117001
12 0 12883 684 0.549701 0.537818 0.067533 0.063631 0.0117001
12 0 12883 685 0.548533 0.53903 0.0681266 0.0697757 0.0117001
12 0 12883 686 0.553066 0.538608 0.0683014 0.064723 0.0117001
12 0 12883 687 0.551174 0.538991 0.0647619 0.0668478 0.0117001
12 0 12883 688 0.552201 0.536039 0.0679685 0.0644751 0.0117001
12 0 12883 689 0.546933 0.535579 0.0685759 0.0644634 0.0117001
12 0 12883 690 0.547919 0.534038 0.066443 0.0614551 0.0117001
12 0 12883 691 0.5476 0.535027 0.0670822 0.0646276 0.0117001
12 0 12883 692 0.548946 0.537749 0.068305 0.0661356 0.0117001
12 0 12883 693 0.546977 0.536048 0.0692981 0.0651547 0.0117001
12 0 12883 694 0.549646 0.534072 0.0661972 0.0630316 0.0117001
12 0 12883 695 0.551265 0.537293 0.0697705 0.0657341 0.0117001
12 0 12883 696 0.546549 0.537089 0.0682626 0.0653439 0.0117001
12 0 12883 697 0.544614 0.537127 0.0637309 0.0647818 0.0117001
12 0 12883 698 0.546702 0.53592 0.0667861 0.0631095 0.0117001
12 0 12883 699 0.550295 0.536111 0.0676899 0.0627079 0.0117001
12 0 12883 700 0.550129 0.537122 0.068135 0.0671859 0.0117001
12 0 12883 701 0.549075 0.536295 0.068051 0.0648172 0.0117001
12 0 12883 702 0.55171 0.538327 0.067834 0.0657182 0.0117001
12 0 12883 703 0.551842 0.536709 0.069653 0.068049 0.0117001
12 0 12883 704 0.547305 0.536259 0.066169 0.0627283 0.0117001
12 0 12883 705 0.550002 0.534033 0.0682643 0.0648487 0.0117001
12 0 12883 706 0.547813 0.537704 0.0683216 0.0653852 0.0117001
12 0 12883 707 0.549126 0.541316 0.0689995 0.0683826 0.0117001
12 0 12883 708 0.544774 0.540186 0.0638844 0.0650892 0.0117001
12 0 12883 709 0.543958 0.534863 0.065801 0.0679362 0.0117001
12 0 12883 710 0.546516 0.536617 0.0650189 0.0636351 0.0117001
12 0 12883 711 0.550161 0.538794 0.0692704 0.0667472 0.0117001
12 0 12883 712 0.54737 0.538651 0.0693606 0.0664694 0.0117001
12 0 12883 713 0.547315 0.539553 0.0642958 0.0669896 0.0117001
12 0 12883 714 0.547687 0.533945 0.0654254 0.0630314 0.0117001
12 0 12883 715 0.550487 0.535848 0.0704523 0.062198 0.0117001
12 0 12883 716 0.547469 0.536434 0.0625397 0.0629284 0.0117001
12 0 12883 717 0.551197 0.539462 0.0668674 0.0646691 0.0117001
12 0 12883 718 0.5489 0.534773 0.0658926 0.0628728 0.0117001
12 0 12883 719 0.548007 0.537592 0.0645053 0.0626723 0.0117001
12 0 12883 720 0.547054 0.536443 0.0674893 0.0617782 0.0117001
12 0 12883 721 0.552276 0.534405 0.0701253 0.0596677 0.0117001
12 0 12883 722 0.546819 0.53553 0.0693684 0.0632912 0.0117001
12 0 12883 723 0.549407 0.537525 0.0707104 0.0678107 0.0117001
12 0 12883 724 0.547562 0.536117 0.0678317 0.0626477 0.0117001
12 0 12883 725 0.5486 0.537223 0.0654822 0.0639558 0.0117001
12 0 12883 726 0.550168 0.537462 0.0686192 0.0652568 0.0117001
12 0 12883 727 0.551825 0.536312 0.0692182 0.0630153 0.0117001
12 0 12883 728 0.551021 0.53499 0.0667984 0.0645861 0.0117001
12 0 12883 729 0.548468 0.536456 0.0658958 0.065656 0.0117001
12 0 12883 730 0.548718 0.53822 0.0671941 0.0632343 0.0117001
12 0 12883 731 0.548778 0.535918 0.0669524 0.0676811 0.0117001
12 0 12883 732 0.548634 0.535176 0.0684503 0.0652439 0.0117001
12 0 12883 733 0.545776 0.535268 0.0639236 0.061778 0.0117001
12 0 12883 734 0.550206 0.538245 0.0646429 0.0651427 0.0117001
12 0 12883 735 0.550172 0.535789 0.0687897 0.0670668 0.0117001
12 0 12883 736 0.551067 0.535358 0.0674829 0.0651853 0.0117001
12 0 12883 737 0.548563 0.533864 0.0653951 0.0620682 0.0117001
12 0 12883 738 0.548587 0.535557 0.0662724 0.0649565 0.0117001
12 0 12883 739 0.547753 0.536848 0.0653803 0.0641806 0.0117001
12 0 12883 740 0.549356 0.538964 0.0675854 0.0641378 0.0117001
12 0 12883 741 0.54978 0.535175 0.0689656 0.0644537 0.0117001
12 0 12883 742 0.55121 0.538526 0.0672796 0.0630531 0.0117001
12 0 12883 743 0.548766 0.538137 0.0660713 0.0693055 0.0117001
12 0 12883 744 0.548684 0.538566 0.0666334 0.0670213 0.0117001
12 0 12883 745 0.54835 0.537578 0.0673459 0.0674561 0.0117001
12 0 12883 746 0.547426 0.536201 0.0644541 0.064713 0.0117001
12 0 12883 747 0.546229 0.532143 0.0652893 0.0603248 0.0117001
12 0 12883 748 0.54764 0.536478 0.0655364 0.0657813 0.0117001
12 0 12883 749 0.549278 0.533267 0.0675712 0.0611499 0.0117001
12 0 12883 750 0.547327 0.537101 0.0661935 0.0647738 0.0117001
12 0 12883 751 0.552589 0.535035 0.070221 0.0608456 0.0117001
12 0 12883 752 0.551131 0.537271 0.0709814 0.0649928 0.0117001
12 0 12883 753 0.548827 0.536094 0.0679894 0.0643328 0.0117001
12 0 12883 754 0.547771 0.538593 0.0671823 0.0661098 0.0117001
12 0 12883 755 0.550707 0.536787 0.0668743 0.06387 0.0117001
12 0 12883 756 0.546057 0.536509 0.0692054 0.0637885 0.0117001
12 0 12883 757 0.548996 0.541149 0.0689114 0.0700881 0.0117001
12 0 12883 758 0.548788 0.533918 0.0690029 0.0638296 0.0117001
12 0 12883 759 0.555006 0.538336 0.0718593 0.065586 0.0117001
12 0 12883 760 0.552266 0.537733 0.0701163 0.0649603 0.0117001
12 0 12883 761 0.549533 0.53989 0.0651604 0.0676274 0.0117001
12 0 12883 762 0.546812 0.535997 0.0675203 0.0644936 0.0117001
12 0 12883 763 0.548166 0.536418 0.0663666 0.0630907 0.0117001
12 0 12883 764 0.546917 0.538056 0.0693394 0.0640152 0.0117001
12 0 12883 765 0.548733 0.536968 0.0647654 0.0652966 0.0117001
12 0 12883 766 0.549007 0.536733 0.0654241 0.0644745 0.0117001
12 0 12883 767 0.551116 0.537692 0.0694284 0.0644435 0.0117001
12 0 12883 768 0.554913 0.532855 0.0713337 0.0597658 0.0117001
12 0 12883 769 0.547991 0.534508 0.0659906 0.062675 0.0117001
12 0 12883 770 0.54767 0.535259 0.0705124 0.0632498 0.0117001
12 0 12883 771 0.548849 0.53442 0.0678873 0.0620065 0.0117001
12 0 12883 772 0.553667 0.535481 0.0696589 0.0642837 0.0117001
12 0 12883 773 0.552331 0.533645 0.066576 0.0625193 0.0117001
12 0 12883 774 0.552946 0.536124 0.0682171 0.0649537 0.0117001
12 0 12883 775 0.548994 0.539009 0.0698901 0.0664879 0.0117001
12 0 12883 776 0.549828 0.53653 0.0677635 0.065141 0.0117001
12 0 12883 777 0.546926 0.539105 0.0607009 0.0655958 0.0117001
12 0 12883 778 0.552666 0.536842 0.0701965 0.0622254 0.0117001
12 0 12883 779 0.55404 0.538279 0.0685981 0.0655842 0.0117001
12 0 12883 780 0.546716 0.534854 0.0675923 0.060575 0.0117001
12 0 12883 781 0.547434 0.536638 0.0687669 0.063523 0.0117001
12 0 12883 782 0.552684 0.535985 0.0693283 0.0631928 0.0117001
12 0 12883 783 0.549238 0.534116 0.0706618 0.0601998 0.0117001
12 0 12883 784 0.550823 0.538808 0.0654348 0.0660963 0.0117001
12 0 12883 785 0.554977 0.534659 0.0729636 0.0655649 0.0117001
12 0 12883 786 0.548846 0.538309 0.0669844 0.0661568 0.0117001
12 0 12883 787 0.548902 0.537406 0.0693189 0.0633395 0.0117001
12 0 12883 788 0.551312 0.535814 0.0659734 0.062312 0.0117001
12 0 12883 789 0.549749 0.53422 0.0645622 0.0621311 0.0117001
12 0 12883 790 0.552764 0.537521 0.0680513 0.0629603 0.0117001
12 0 12883 791 0.548503 0.536768 0.0674777 0.0628346 0.0117001
12 0 12883 792 0.552281 0.536092 0.0678583 0.0664534 0.0117001
12 0 12883 793 0.546335 0.537507 0.0684404 0.0632261 0.0117001
12 0 12883 794 0.546964 0.53594 0.0671515 0.0644102 0.0117001
12 0 12883 795 0.550958 0.537675 0.0656767 0.0659851 0.0117001
12 0 12883 796 0.551387 0.537296 0.0683644 0.0656613 0.0117001
12 0 12883 797 0.553956 0.539223 0.0703857 0.0642295 0.0117001
12 0 12883 798 0.548361 0.536665 0.0684006 0.0647634 0.0117001
12 0 12883 799 0.551209 0.536749 0.068217 0.0660326 0.0117001
12 0 12883 800 0.551877 0.537627 0.070933 0.0653624 0.0117001
12 0 12883 801 0.546736 0.535619 0.0681647 0.0619972 0.0117001
12 0 12883 802 0.549553 0.536887 0.0678044 0.0653321 0.0117001
12 0 12883 803 0.546111 0.538577 0.0639328 0.062328 0.0117001
12 0 12883 804 0.548575 0.540822 0.0696233 0.0693471 0.0117001
12 0 12883 805 0.545753 0.538663 0.0654418 0.0646338 0.0117001
12 0 12883 806 0.54724 0.540521 0.0654101 0.0683083 0.0117001
12 0 12883 807 0.549462 0.532793 0.0699734 0.062997 0.0117001
12 0 12883 808 0.550808 0.535704 0.0698355 0.0625671 0.0117001
12 0 12883 809 0.548847 0.536871 0.0669509 0.0663239 0.0117001
12 0 12883 810 0.549112 0.535784 0.0669973 0.0638997 0.0117001
12 0 12883 811 0.555384 0.540326 0.0709938 0.0677046 0.0117001
12 0 12883 812 0.549087 0.538736 0.0665833 0.0633006 0.0117001
12 0 12883 813 0.551155 0.536694 0.0702771 0.0651887 0.0117001
12 0 12883 814 0.54722 0.537207 0.0643573 0.0659354 0.0117001
12 0 12883 815 0.545701 0.53426 0.0669822 0.0648655 0.0117001
12 0 12883 816 0.543775 0.537024 0.0646626 0.0652695 0.0117001
12 0 12883 817 0.547735 0.537491 0.0692 0.0636329 0.0117001
12 0 12883 818 0.548124 0.538225 0.0670089 0.0637736 0.0117001
12 0 12883 819 0.549979 0.539106 0.0680388 0.0682964 0.0117001
12 0 12883 820 0.543943 0.534151 0.0684221 0.0618136 0.0117001
12 0 12883 821 0.550944 0.537379 0.0679977 0.0626168 0.0117001
12 0 12883 822 0.549815 0.537194 0.0657843 0.063186 0.0117001
12 0 12883 823 0.549614 0.536499 0.067466 0.0661061 0.0117001
12 0 12883 824 0.547367 0.535889 0.0651975 0.0657657 0.0117001
12 0 12883 825 0.54476 0.53885 0.066147 0.0666381 0.0117001
12 0 12883 826 0.548823 0.538705 0.0663454 0.0650618 0.0117001
12 0 12883 827 0.546287 0.53691 0.0695487 0.0638171 0.0117001
12 0 12883 828 0.546818 0.535221 0.0674213 0.0617363 0.0117001
12 0 12883 829 0.547149 0.538864 0.0655947 0.0653789 0.0117001
12 0 12883 830 0.548435 0.536697 0.0664455 0.0643238 0.0117001
12 0 12883 831 0.547905 0.541047 0.0654557 0.0677954 0.0117001
12 0 12883 832 0.547595 0.538537 0.0635159 0.0668107 0.0117001
12 0 12883 833 0.54989 0.538453 0.0651633 0.0656898 0.0117001
12 0 12883 834 0.545362 0.537929 0.0661238 0.0649534 0.0117001
12 0 12883 835 0.548969 0.538206 0.064866 0.0670327 0.0117001
12 0 12883 836 0.549792 0.536267 0.0671558 0.065796 0.0117001
12 0 12883 837 0.547774 0.538146 0.066315 0.0627814 0.0117001
12 0 12883 838 0.548061 0.533065 0.0655469 0.0620656 0.0117001
12 0 12883 839 0.550931 0.536326 0.0688881 0.0671147 0.0117001
12 0 12883 840 0.548699 0.5378 0.0701596 0.0634589 0.0117001
12 0 12883 841 0.548455 0.535994 0.0649436 0.0668032 0.0117001
12 0 12883 842 0.550749 0.53447 0.0678587 0.062027 0.0117001
12 0 12883 843 0.546629 0.540077 0.0681719 0.0656467 0.0117001
12 0 12883 844 0.554279 0.538194 0.0710736 0.0629347 0.0117001
12 0 12883 845 0.541823 0.536981 0.0636416 0.0643045 0.0117001
12 0 12883 846 0.549885 0.536611 0.068673 0.0633248 0.0117001
12 0 12883 847 0.547432 0.538995 0.0675439 0.0656664 0.0117001
12 0 12883 848 0.553511 0.535866 0.0677713 0.063297 0.0117001
12 0 12883 849 0.544555 0.536547 0.0655277 0.0634557 0.0117001
12 0 12883 850 0.549685 0.53761 0.0672906 0.0627784 0.0117001
12 0 12883 851 0.54471 0.536052 0.0655911 0.0649321 0.0117001
12 0 12883 852 0.544486 0.53312 0.064219 0.0621802 0.0117001
12 0 12883 853 0.549894 0.537744 0.0680639 0.0640534 0.0117001
12 0 12883 854 0.547106 0.535868 0.064081 0.0651121 0.0117001
12 0 12883 855 0.54709 0.536907 0.0684329 0.0657686 0.0117001
12 0 12883 856 0.552029 0.538882 0.068236 0.0649976 0.0117001
12 0 12883 857 0.547585 0.53787 0.0669237 0.0639608 0.0117001
12 0 12883 858 0.547847 0.534944 0.0675842 0.0621578 0.0117001
12 0 12883 859 0.548443 0.537963 0.071606 0.0632425 0.0117001
12 0 12883 860 0.54464 0.537386 0.0638205 0.0674974 0.0117001
12 0 12883 861 0.551525 0.536335 0.0676434 0.063658 0.0117001
12 0 12883 862 0.547363 0.535768 0.0650195 0.0630754 0.0117001
12 0 12883 863 0.545392 0.540089 0.0661689 0.0658645 0.0117001
12 0 12883 864 0.548328 0.536257 0.0657013 0.06174 0.0117001
12 0 12883 865 0.548163 0.53713 0.0660856 0.0609796 0.0117001
12 0 12883 866 0.549927 0.535306 0.0654081 0.0606865 0.0117001
12 0 12883 867 0.552597 0.534644 0.069036 0.0642952 0.0117001
12 0 12883 868 0.550066 0.538601 0.0701514 0.0668791 0.0117001
12 0 12883 869 0.554818 0.537275 0.0710497 0.0667955 0.0117001
12 0 12883 870 0.547829 0.537219 0.0657909 0.0659962 0.0117001
12 0 12883 871 0.545969 0.536718 0.0660943 0.0615008 0.0117001
12 0 12883 872 0.547248 0.537271 0.0664101 0.064509 0.0117001
12 0 12883 873 0.547026 0.534707 0.0666205 0.0624426 0.0117001
12 0 12883 874 0.551593 0.538351 0.0712612 0.0655105 0.0117001
12 0 12883 875 0.551362 0.534986 0.0665931 0.0633938 0.0117001
12 0 12883 876 0.550414 0.535937 0.0667269 0.0648625 0.0117001
12 0 12883 877 0.552822 0.535707 0.0658763 0.0665663 0.0117001
12 0 12883 878 0.550447 0.538923 0.0663591 0.0630841 0.0117001
12 0 12883 879 0.550031 0.53909 0.0652892 0.0643669 0.0117001
12 0 12883 880 0.550172 0.535766 0.0673548 0.0646091 0.0117001
12 0 12883 881 0.540712 0.535942 0.062433 0.0621547 0.0117001
12 0 12883 882 0.543422 0.534592 0.065856 0.0657004 0.0117001
12 0 12883 883 0.549035 0.536949 0.0681753 0.0644668 0.0117001
12 0 12883 884 0.553101 0.535894 0.0694179 0.0606757 0.0117001
12 0 12883 885 0.546918 0.53794 0.0687754 0.0662678 0.0117001
12 0 12883 886 0.553224 0.538307 0.0687205 0.0645848 0.0117001
12 0 12883 887 0.550739 0.537552 0.0698962 0.0664845 0.0117001
12 0 12883 888 0.551279 0.537667 0.0692604 0.0619149 0.0117001
12 0 12883 889 0.549433 0.539481 0.0721563 0.0664247 0.0117001
12 0 12883 890 0.547858 0.536106 0.0670395 0.0649863 0.0117001
12 0 12883 891 0.546471 0.536791 0.0647681 0.0627682 0.0117001
12 0 12883 892 0.551795 0.537115 0.0703638 0.0661917 0.0117001
12 0 12883 893 0.549492 0.537662 0.0651415 0.06503 0.0117001
12 0 12883 894 0.550525 0.536304 0.0681518 0.0648981 0.0117001
12 0 12883 895 0.550591 0.537451 0.0684231 0.0659733 0.0117001
12 0 12883 896 0.548127 0.537569 0.0698241 0.0667274 0.0117001
12 0 12883 897 0.549508 0.538025 0.0687904 0.0643364 0.0117001
12 0 12883 898 0.552241 0.537623 0.066 0.0652514 0.0117001
12 0 12883 899 0.550817 0.538111 0.0644305 0.0679032 0.0117001
12 0 12883 900 0.550845 0.53459 0.0655751 0.0617217 0.0117001
12 0 12883 901 0.548981 0.536365 0.0657025 0.0656171 0.0117001
12 0 12883 902 0.550425 0.537697 0.0692806 0.0641096 0.0117001
12 0 12883 903 0.551266 0.53425 0.0692095 0.0621863 0.0117001
12 0 12883 904 0.5491 0.538259 0.0641468 0.0654863 0.0117001
12 0 12883 905 0.546464 0.537283 0.0666714 0.0653768 0.0117001
12 0 12883 906 0.555142 0.53893 0.0707234 0.0658967 0.0117001
12 0 12883 907 0.555102 0.537248 0.0695059 0.0625989 0.0117001
12 0 12883 908 0.546113 0.534822 0.0687802 0.0632698 0.0117001
12 0 12883 909 0.552585 0.536531 0.0687889 0.0651665 0.0117001
12 0 12883 910 0.544565 0.537329 0.0680971 0.0618976 0.0117001
12 0 12883 911 0.552409 0.538054 0.0656966 0.061089 0.0117001
12 0 12883 912 0.54646 0.536298 0.0664987 0.06477 0.0117001
12 0 12883 913 0.552801 0.535771 0.0734472 0.0638688 0.0117001
12 0 12883 914 0.550233 0.537408 0.0668224 0.0648734 0.0117001
12 0 12883 915 0.548508 0.537117 0.0677899 0.0684251 0.0117001
12 0 12883 916 0.547642 0.536116 0.0668307 0.0640023 0.0117001
12 0 12883 917 0.544439 0.537676 0.0642272 0.0643483 0.0117001
12 0 12883 918 0.548424 0.535967 0.0696481 0.0636142 0.0117001
12 0 12883 919 0.549527 0.537436 0.0686705 0.0648621 0.0117001
12 0 12883 920 0.549457 0.536015 0.0669297 0.0625165 0.0117001
12 0 12883 921 0.552379 0.538272 0.0699243 0.0653097 0.0117001
12 0 12883 922 0.550659 0.535009 0.0665238 0.0613101 0.0117001
12 0 12883 923 0.547785 0.5373 0.0664034 0.0640875 0.0117001
12 0 12883 924 0.550035 0.536114 0.0642972 0.0651242 0.0117001
12 0 12883 925 0.550219 0.537313 0.0701525 0.0666479 0.0117001
12 0 12883 926 0.548624 0.535975 0.0698055 0.0649996 0.0117001
12 0 12883 927 0.550431 0.534774 0.0692961 0.0611819 0.0117001
12 0 12883 928 0.550012 0.533875 0.0666062 0.0603685 0.0117001
12 0 12883 929 0.555198 0.537549 0.070722 0.0647932 0.0117001
12 0 12883 930 0.553594 0.536059 0.0690986 0.0646662 0.0117001
12 0 12883 931 0.547256 0.538966 0.0647522 0.0646425 0.0117001
12 0 12883 932 0.550884 0.533513 0.0681858 0.0626594 0.0117001
12 0 12883 933 0.550751 0.537691 0.0675445 0.0630523 0.0117001
12 0 12883 934 0.5485 0.536873 0.0683704 0.0640435 0.0117001
12 0 12883 935 0.550088 0.541003 0.0671028 0.0651016 0.0117001
12 0 12883 936 0.550757 0.538659 0.0673328 0.0651434 0.0117001
12 0 12883 937 0.545727 0.536019 0.0654029 0.0627947 0.0117001
12 0 12883 938 0.545684 0.540665 0.0652115 0.0684417 0.0117001
12 0 12883 939 0.551259 0.537606 0.07042 0.0660165 0.0117001
12 0 12883 940 0.549196 0.540468 0.0689365 0.0660218 0.0117001
12 0 12883 941 0.544731 0.536973 0.0662198 0.0619608 0.0117001
12 0 12883 942 0.549842 0.536291 0.0705734 0.0650128 0.0117001
12 0 12883 943 0.550723 0.539572 0.0695046 0.0637118 0.0117001
12 0 12883 944 0.548311 0.538342 0.0685029 0.0655521 0.0117001
12 0 12883 945 0.549757 0.534781 0.0664665 0.0642066 0.0117001
12 0 12883 946 0.548665 0.537503 0.0641445 0.0612787 0.0117001
12 0 12883 947 0.548656 0.538366 0.0703068 0.0649177 0.0117001
12 0 12883 948 0.548853 0.537161 0.067749 0.0657728 0.0117001
12 0 12883 949 0.548671 0.542112 0.0687306 0.066238 0.0117001
12 0 12883 950 0.546 0.535594 0.0673574 0.0636237 0.0117001
12 0 12883 951 0.548017 0.536723 0.0670027 0.0679662 0.0117001
12 0 12883 952 0.551498 0.536012 0.0668748 0.062649 0.0117001
12 0 12883 953 0.552182 0.534953 0.0695181 0.0647857 0.0117001
12 0 12883 954 0.550032 0.534502 0.0689953 0.0634724 0.0117001
12 0 12883 955 0.552733 0.537307 0.069459 0.0636208 0.0117001
12 0 12883 956 0.547197 0.537216 0.0632475 0.0671968 0.0117001
12 0 12883 957 0.549465 0.536051 0.0669571 0.0647649 0.0117001
12 0 12883 958 0.547433 0.540074 0.0667931 0.0675029 0.0117001
12 0 12883 959 0.550068 0.536388 0.0676519 0.0653398 0.0117001
12 0 12883 960 0.549035 0.537786 0.0697066 0.0657029 0.0117001
12 0 12883 961 0.55257 0.539371 0.0682039 0.0680545 0.0117001
12 0 12883 962 0.550817 0.536964 0.0679726 0.0660333 0.0117001
12 0 12883 963 0.547562 0.537779 0.0666209 0.0649178 0.0117001
12 0 12883 964 0.547736 0.538278 0.0660652 0.0655186 0.0117001
12 0 12883 965 0.548115 0.536147 0.0664717 0.0638996 0.0117001
12 0 12883 966 0.549029 0.539748 0.0651994 0.0658167 0.0117001
12 0 12883 967 0.550721 0.539086 0.068488 0.0689819 0.0117001
12 0 12883 968 0.547283 0.536885 0.0687864 0.0638534 0.0117001
12 0 12883 969 0.548774 0.534677 0.0677295 0.0622247 0.0117001
12 0 12883 970 0.547421 0.539218 0.0668865 0.0673047 0.0117001
12 0 12883 971 0.54997 0.53495 0.0681174 0.0626444 0.0117001
12 0 12883 972 0.548813 0.538374 0.0687871 0.0653941 0.0117001
12 0 12883 973 0.547234 0.535296 0.0677936 0.0654961 0.0117001
12 0 12883 974 0.547404 0.536953 0.0685449 0.0626536 0.0117001
12 0 12883 975 0.551509 0.538875 0.0674178 0.066196 0.0117001
12 0 12883 976 0.54768 0.535227 0.0669628 0.0636048 0.0117001
12 0 12883 977 0.548129 0.535908 0.0678196 0.0642732 0.0117001
12 0 12883 978 0.546036 0.540308 0.0651357 0.0671056 0.0117001
12 0 12883 979 0.54975 0.534975 0.0691312 0.0634816 0.0117001
12 0 12883 980 0.547814 0.536237 0.0662531 0.0626316 0.0117001
12 0 12883 981 0.549425 0.53925 0.0679202 0.0670219 0.0117001
12 0 12883 982 0.548888 0.539218 0.0709106 0.065821 0.0117001
12 0 12883 983 0.548902 0.535781 0.0701467 0.0637775 0.0117001
12 0 12883 984 0.548491 0.536903 0.0663364 0.0661124 0.0117001
12 0 12883 985 0.547495 0.536017 0.0671229 0.0663843 0.0117001
12 0 12883 986 0.546183 0.537724 0.0633261 0.0655309 0.0117001
12 0 12883 987 0.550483 0.538543 0.0680013 0.064262 0.0117001
12 0 12883 988 0.548424 0.538056 0.0677815 0.0652077 0.0117001
12 0 12883 989 0.552533 0.53658 0.0690606 0.0632128 0.0117001
12 0 12883 990 0.550047 0.538225 0.0664106 0.0662309 0.0117001
12 0 12883 991 0.549456 0.540668 0.0679153 0.0671208 0.0117001
12 0 12883 992 0.550733 0.537687 0.0657328 0.0639407 0.0117001
12 0 12883 993 0.548444 0.538313 0.0637889 0.0666252 0.0117001
12 0 12883 994 0.548753 0.536538 0.0661944 0.0671961 0.0117001
12 0 12883 995 0.549138 0.538082 0.0678139 0.0648248 0.0117001
12 0 12883 996 0.544409 0.53815 0.0662674 0.0657845 0.0117001
12 0 12883 997 0.549757 0.536667 0.0676693 0.0642636 0.0117001
12 0 12883 998 0.549715 0.535394 0.0673855 0.0618537 0.0117001
12 0 12883 999 0.548878 0.536356 0.0656439 0.0653269 0.0117001
