12 0 12883 0 0.495089 0.500993 0.0343194 0.03646 0.0112652
12 0 12883 1 0.54235 0.547136 0.0697026 0.099148 0.0112652
12 0 12883 2 0.496403 0.489928 0.0521871 0.0572609 0.0112652
12 0 12883 3 0.533779 0.531661 0.0480696 0.0824072 0.0112652
12 0 12883 4 0.54156 0.478093 0.11028 0.0277854 0.0112652
12 0 12883 5 0.524364 0.527467 0.0865982 0.0408895 0.0112652
12 0 12883 6 0.541172 0.523953 0.0918993 0.0587741 0.0112652
12 0 12883 7 0.525348 0.514684 0.0869002 0.0493457 0.0112652
12 0 12883 8 0.527912 0.530519 0.0794483 0.0689642 0.0112652
12 0 12883 9 0.541164 0.524023 0.0887737 0.0536027 0.0112652
12 0 12883 10 0.542829 0.531188 0.0906368 0.0568108 0.0112652
12 0 12883 11 0.5276 0.518727 0.0733783 0.0472193 0.0112652
12 0 12883 12 0.501223 0.51807 0.038891 0.056238 0.0112652
12 0 12883 13 0.518078 0.510745 0.0716887 0.0642134 0.0112652
12 0 12883 14 0.522337 0.519619 0.0675782 0.0615137 0.0112652
12 0 12883 15 0.519753 0.531155 0.0518585 0.0613816 0.0112652
12 0 12883 16 0.523409 0.524345 0.0668159 0.0522222 0.0112652
12 0 12883 17 0.543531 0.536074 0.10829 0.079178 0.0112652
12 0 12883 18 0.538798 0.530963 0.0725473 0.0518536 0.0112652
12 0 12883 19 0.52799 0.531359 0.0658568 0.0866383 0.0112652
12 0 12883 20 0.529317 0.527359 0.0735996 0.0645983 0.0112652
12 0 12883 21 0.526652 0.526531 0.0756138 0.0749509 0.0112652
12 0 12883 22 0.520922 0.547619 0.0680663 0.101148 0.0112652
12 0 12883 23 0.536429 0.524 0.0863974 0.0662265 0.0112652
12 0 12883 24 0.536202 0.528584 0.0846315 0.0697945 0.0112652
12 0 12883 25 0.521125 0.526802 0.0584656 0.0709566 0.0112652
12 0 12883 26 0.537529 0.532532 0.0807427 0.0706436 0.0112652
12 0 12883 27 0.524392 0.534209 0.0703779 0.0774327 0.0112652
12 0 12883 28 0.529383 0.524523 0.0792328 0.0550882 0.0112652
12 0 12883 29 0.525677 0.527445 0.0619189 0.0689871 0.0112652
12 0 12883 30 0.522557 0.524433 0.0588407 0.0562526 0.0112652
12 0 12883 31 0.528961 0.527057 0.0839679 0.0788725 0.0112652
12 0 12883 32 0.528642 0.534698 0.0757117 0.074499 0.0112652
12 0 12883 33 0.530734 0.522361 0.0586036 0.05939 0.0112652
12 0 12883 34 0.538585 0.53823 0.106221 0.092617 0.0112652
12 0 12883 35 0.523927 0.532418 0.072951 0.0722618 0.0112652
12 0 12883 36 0.518609 0.528247 0.0603705 0.0727859 0.0112652
12 0 12883 37 0.532034 0.53071 0.0785416 0.0669013 0.0112652
12 0 12883 38 0.533974 0.536164 0.0819968 0.061338 0.0112652
12 0 12883 39 0.53132 0.532888 0.0772426 0.0697408 0.0112652
12 0 12883 40 0.536097 0.53462 0.0677504 0.0757484 0.0112652
12 0 12883 41 0.528091 0.534815 0.0731655 0.091063 0.0112652
12 0 12883 42 0.52452 0.529747 0.0579371 0.0550854 0.0112652
12 0 12883 43 0.5198 0.534306 0.0632217 0.0731985 0.0112652
12 0 12883 44 0.527382 0.537079 0.076372 0.0710546 0.0112652
12 0 12883 45 0.527912 0.532876 0.0789615 0.081304 0.0112652
12 0 12883 46 0.523645 0.536322 0.0696958 0.0696312 0.0112652
12 0 12883 47 0.527683 0.530796 0.0835797 0.0715031 0.0112652
12 0 12883 48 0.527415 0.538075 0.0732292 0.0902283 0.0112652
12 0 12883 49 0.532777 0.53229 0.0817276 0.0614145 0.0112652
12 0 12883 50 0.531242 0.533004 0.0758984 0.0708501 0.0112652
12 0 12883 51 0.526797 0.528612 0.0793834 0.0597598 0.0112652
12 0 12883 52 0.528089 0.533026 0.0667288 0.0699083 0.0112652
12 0 12883 53 0.533841 0.528777 0.0824806 0.0656943 0.0112652
12 0 12883 54 0.525196 0.542107 0.0750724 0.0781931 0.0112652
12 0 12883 55 0.537494 0.529373 0.0752438 0.0733383 0.0112652
12 0 12883 56 0.526332 0.53027 0.0643431 0.0726204 0.0112652
12 0 12883 57 0.534832 0.528772 0.0874659 0.0666255 0.0112652
12 0 12883 58 0.52836 0.532169 0.0627619 0.0623808 0.0112652
12 0 12883 59 0.526198 0.522655 0.0791856 0.0542021 0.0112652
12 0 12883 60 0.534908 0.523346 0.0783607 0.0670735 0.0112652
12 0 12883 61 0.530443 0.531451 0.0770046 0.0601751 0.0112652
12 0 12883 62 0.525718 0.533472 0.0672388 0.0754584 0.0112652
12 0 12883 63 0.532065 0.523459 0.0747335 0.0627369 0.0112652
12 0 12883 64 0.524366 0.529517 0.0652723 0.0640153 0.0112652
12 0 12883 65 0.538921 0.526732 0.087811 0.0619988 0.0112652
12 0 12883 66 0.530237 0.528082 0.078427 0.0694976 0.0112652
12 0 12883 67 0.526936 0.53185 0.0673864 0.0688062 0.0112652
12 0 12883 68 0.530848 0.540529 0.0860608 0.0824924 0.0112652
12 0 12883 69 0.524364 0.533436 0.0675616 0.0767708 0.0112652
12 0 12883 70 0.534144 0.531132 0.0827293 0.0728352 0.0112652
12 0 12883 71 0.524073 0.528336 0.0727746 0.0708935 0.0112652
12 0 12883 72 0.526996 0.531685 0.0727499 0.0712915 0.0112652
12 0 12883 73 0.538368 0.526191 0.0787538 0.0672908 0.0112652
12 0 12883 74 0.529294 0.525858 0.0746478 0.0723273 0.0112652
12 0 12883 75 0.526197 0.536451 0.0678942 0.0669041 0.0112652
12 0 12883 76 0.523316 0.529476 0.0635398 0.0666256 0.0112652
12 0 12883 77 0.527747 0.526939 0.0667439 0.0616213 0.0112652
12 0 12883 78 0.530103 0.531394 0.0747262 0.0711214 0.0112652
12 0 12883 79 0.533764 0.52762 0.0892257 0.0618307 0.0112652
12 0 12883 80 0.531122 0.533154 0.0814506 0.0680288 0.0112652
12 0 12883 81 0.532789 0.528681 0.0846077 0.0848996 0.0112652
12 0 12883 82 0.528054 0.534279 0.0695443 0.073802 0.0112652
12 0 12883 83 0.52756 0.520655 0.0724938 0.0530043 0.0112652
12 0 12883 84 0.531549 0.532098 0.0804105 0.0854431 0.0112652
12 0 12883 85 0.528079 0.529997 0.0756028 0.0555419 0.0112652
12 0 12883 86 0.531505 0.530382 0.0802215 0.0661757 0.0112652
12 0 12883 87 0.526162 0.529519 0.0686469 0.0693043 0.0112652
12 0 12883 88 0.53027 0.525215 0.0719943 0.0615711 0.0112652
12 0 12883 89 0.532357 0.530649 0.0782501 0.0722103 0.0112652
12 0 12883 90 0.530364 0.533143 0.0747007 0.0601641 0.0112652
12 0 12883 91 0.530125 0.534838 0.0776816 0.0773111 0.0112652
12 0 12883 92 0.532648 0.534906 0.077767 0.0771142 0.0112652
12 0 12883 93 0.530917 0.526737 0.0748594 0.0656337 0.0112652
12 0 12883 94 0.531896 0.53186 0.0838695 0.0658459 0.0112652
12 0 12883 95 0.529266 0.531992 0.077816 0.072176 0.0112652
12 0 12883 96 0.525556 0.528559 0.0753842 0.0605906 0.0112652
12 0 12883 97 0.527721 0.53052 0.0740996 0.0681286 0.0112652
12 0 12883 98 0.525167 0.534185 0.073485 0.0738716 0.0112652
12 0 12883 99 0.528203 0.530828 0.0719945 0.0741795 0.0112652
12 0 12883 100 0.528457 0.52863 0.0757582 0.070517 0.0112652
12 0 12883 101 0.533027 0.529874 0.0727498 0.0701653 0.0112652
12 0 12883 102 0.52919 0.530823 0.0705285 0.0728998 0.0112652
12 0 12883 103 0.536586 0.530858 0.0878561 0.0735033 0.0112652
12 0 12883 104 0.529792 0.534637 0.0732996 0.0753595 0.0112652
12 0 12883 105 0.536055 0.520298 0.0863846 0.054997 0.0112652
12 0 12883 106 0.529287 0.527018 0.076771 0.0671698 0.0112652
12 0 12883 107 0.530845 0.535073 0.0816971 0.0701065 0.0112652
12 0 12883 108 0.526983 0.528863 0.0764622 0.0625985 0.0112652
12 0 12883 109 0.527166 0.526611 0.0762684 0.0657012 0.0112652
12 0 12883 110 0.528985 0.533614 0.0739261 0.0855091 0.0112652
12 0 12883 111 0.527692 0.530224 0.0774785 0.0738041 0.0112652
12 0 12883 112 0.530025 0.53616 0.076728 0.0700173 0.0112652
12 0 12883 113 0.530678 0.52511 0.0795544 0.0586798 0.0112652
12 0 12883 114 0.525945 0.536381 0.0729627 0.0689268 0.0112652
12 0 12883 115 0.522858 0.52927 0.0645701 0.0702352 0.0112652
12 0 12883 116 0.524478 0.528517 0.0744968 0.0732162 0.0112652
12 0 12883 117 0.528446 0.523401 0.0713029 0.0595184 0.0112652
12 0 12883 118 0.532573 0.524184 0.0828752 0.0618086 0.0112652
12 0 12883 119 0.531394 0.537143 0.0771933 0.0750228 0.0112652
12 0 12883 120 0.532548 0.53407 0.0830008 0.0744921 0.0112652
12 0 12883 121 0.530087 0.531343 0.0795393 0.078763 0.0112652
12 0 12883 122 0.531869 0.531677 0.0731357 0.0654144 0.0112652
12 0 12883 123 0.528728 0.531317 0.0781104 0.0743285 0.0112652
12 0 12883 124 0.531405 0.528318 0.0753984 0.0600271 0.0112652
12 0 12883 125 0.526146 0.530137 0.0723753 0.0745733 0.0112652
12 0 12883 126 0.529412 0.532985 0.0767766 0.0784072 0.0112652
12 0 12883 127 0.528497 0.533277 0.0771661 0.0783967 0.0112652
12 0 12883 128 0.525215 0.535305 0.0740872 0.0727647 0.0112652
12 0 12883 129 0.527913 0.527419 0.0766476 0.0662854 0.0112652
12 0 12883 130 0.527209 0.530528 0.0755063 0.0601815 0.0112652
12 0 12883 131 0.53119 0.525236 0.078248 0.0614988 0.0112652
12 0 12883 132 0.531189 0.527009 0.0716677 0.0602143 0.0112652
12 0 12883 133 0.530573 0.532872 0.0803084 0.0685534 0.0112652
12 0 12883 134 0.531635 0.529113 0.0775029 0.0695901 0.0112652
12 0 12883 135 0.527724 0.530141 0.0723587 0.0798376 0.0112652
12 0 12883 136 0.525589 0.528654 0.0738066 0.0745722 0.0112652
12 0 12883 137 0.529953 0.533833 0.0750066 0.0702448 0.0112652
12 0 12883 138 0.528442 0.522814 0.0744979 0.0637229 0.0112652
12 0 12883 139 0.529157 0.530219 0.0747076 0.0652887 0.0112652
12 0 12883 140 0.529292 0.534524 0.076851 0.0680375 0.0112652
12 0 12883 141 0.530674 0.528769 0.077321 0.0647386 0.0112652
12 0 12883 142 0.52513 0.529623 0.0667776 0.069306 0.0112652
12 0 12883 143 0.532809 0.533062 0.081874 0.0715571 0.0112652
12 0 12883 144 0.530093 0.536494 0.082899 0.0754344 0.0112652
12 0 12883 145 0.531205 0.530775 0.0781517 0.0708556 0.0112652
12 0 12883 146 0.532865 0.526611 0.0815943 0.0595933 0.0112652
12 0 12883 147 0.530173 0.531464 0.0750618 0.0643571 0.0112652
12 0 12883 148 0.531627 0.531339 0.0756018 0.0684947 0.0112652
12 0 12883 149 0.524075 0.531714 0.0692447 0.0709144 0.0112652
12 0 12883 150 0.525214 0.528537 0.080544 0.0591791 0.0112652
12 0 12883 151 0.526946 0.531377 0.0670336 0.0693346 0.0112652
12 0 12883 152 0.525701 0.532386 0.0664443 0.0712674 0.0112652
12 0 12883 153 0.531096 0.533884 0.0718264 0.0791353 0.0112652
12 0 12883 154 0.528381 0.525771 0.0713948 0.0634065 0.0112652
12 0 12883 155 0.52947 0.531968 0.0803951 0.0736418 0.0112652
12 0 12883 156 0.533542 0.528469 0.0806652 0.0686404 0.0112652
12 0 12883 157 0.528207 0.529901 0.071733 0.0784854 0.0112652
12 0 12883 158 0.528191 0.531251 0.0725567 0.0677598 0.0112652
12 0 12883 159 0.529925 0.531286 0.0790451 0.0588746 0.0112652
12 0 12883 160 0.534171 0.534806 0.0849287 0.0733242 0.0112652
12 0 12883 161 0.528264 0.532147 0.0693371 0.0793327 0.0112652
12 0 12883 162 0.531033 0.529387 0.0723172 0.0690979 0.0112652
12 0 12883 163 0.534456 0.535655 0.0857707 0.0741716 0.0112652
12 0 12883 164 0.527856 0.533048 0.0689756 0.0726291 0.0112652
12 0 12883 165 0.529727 0.532529 0.0750274 0.076282 0.0112652
12 0 12883 166 0.529336 0.528495 0.0734455 0.061592 0.0112652
12 0 12883 167 0.531551 0.525821 0.0746464 0.0677512 0.0112652
12 0 12883 168 0.529062 0.53395 0.0778155 0.0717622 0.0112652
12 0 12883 169 0.526261 0.527949 0.0703022 0.064586 0.0112652
12 0 12883 170 0.532946 0.531752 0.0818464 0.0708922 0.0112652
12 0 12883 171 0.533556 0.530076 0.0826467 0.0749592 0.0112652
12 0 12883 172 0.530867 0.530219 0.0772154 0.0683854 0.0112652
12 0 12883 173 0.527917 0.527189 0.0738518 0.0583695 0.0112652
12 0 12883 174 0.530699 0.529119 0.0759629 0.0738077 0.0112652
12 0 12883 175 0.525709 0.531416 0.0668346 0.0712699 0.0112652
12 0 12883 176 0.527507 0.530655 0.0739657 0.071871 0.0112652
12 0 12883 177 0.528263 0.531636 0.0776848 0.063658 0.0112652
12 0 12883 178 0.531932 0.533189 0.0817941 0.0722354 0.0112652
12 0 12883 179 0.531185 0.524706 0.0819524 0.0711936 0.0112652
12 0 12883 180 0.529309 0.533824 0.0744921 0.0807405 0.0112652
12 0 12883 181 0.527797 0.533506 0.0728255 0.0717607 0.0112652
12 0 12883 182 0.529596 0.526208 0.0752137 0.0678807 0.0112652
12 0 12883 183 0.530748 0.526549 0.0769387 0.0653984 0.0112652
12 0 12883 184 0.530531 0.531975 0.07157 0.0673686 0.0112652
12 0 12883 185 0.530337 0.523325 0.0795114 0.0624985 0.0112652
12 0 12883 186 0.528966 0.528323 0.0762876 0.0625665 0.0112652
12 0 12883 187 0.529163 0.5233 0.0752034 0.0658285 0.0112652
12 0 12883 188 0.529098 0.532786 0.077275 0.0696393 0.0112652
12 0 12883 189 0.523798 0.527777 0.0663871 0.0673478 0.0112652
12 0 12883 190 0.529082 0.527136 0.0782675 0.063747 0.0112652
12 0 12883 191 0.526475 0.53251 0.0707868 0.069795 0.0112652
12 0 12883 192 0.526873 0.5318 0.0731098 0.0681155 0.0112652
12 0 12883 193 0.530758 0.525937 0.0772496 0.0599731 0.0112652
12 0 12883 194 0.528347 0.531928 0.0736069 0.0744411 0.0112652
12 0 12883 195 0.52889 0.530051 0.0792378 0.0725554 0.0112652
12 0 12883 196 0.528623 0.529532 0.073468 0.0727756 0.0112652
12 0 12883 197 0.52903 0.530407 0.0700958 0.0773386 0.0112652
12 0 12883 198 0.531414 0.535007 0.0811969 0.0787573 0.0112652
12 0 12883 199 0.529353 0.531292 0.0782712 0.0741469 0.0112652
12 0 12883 200 0.525718 0.532123 0.072821 0.0726422 0.0112652
12 0 12883 201 0.528102 0.529 0.0767683 0.069341 0.0112652
12 0 12883 202 0.529247 0.532485 0.0746246 0.0769746 0.0112652
12 0 12883 203 0.529553 0.528429 0.0702615 0.0679505 0.0112652
12 0 12883 204 0.533672 0.529949 0.0838024 0.0718819 0.0112652
12 0 12883 205 0.530123 0.531748 0.0731368 0.0706198 0.0112652
12 0 12883 206 0.531132 0.529049 0.0768783 0.0657226 0.0112652
12 0 12883 207 0.528381 0.531489 0.0753624 0.0715446 0.0112652
12 0 12883 208 0.533681 0.53035 0.0805046 0.0700867 0.0112652
12 0 12883 209 0.53171 0.533945 0.0790252 0.074593 0.0112652
12 0 12883 210 0.530617 0.531416 0.07853 0.0669027 0.0112652
12 0 12883 211 0.526365 0.530415 0.0721516 0.0673019 0.0112652
12 0 12883 212 0.527386 0.533995 0.0734594 0.0704171 0.0112652
12 0 12883 213 0.524375 0.529402 0.0595869 0.0674583 0.0112652
12 0 12883 214 0.529623 0.530838 0.0766475 0.0644053 0.0112652
12 0 12883 215 0.531709 0.530189 0.0801761 0.0650067 0.0112652
12 0 12883 216 0.526821 0.529799 0.072224 0.0678188 0.0112652
12 0 12883 217 0.529199 0.531877 0.0788225 0.0694611 0.0112652
12 0 12883 218 0.530797 0.529382 0.0766118 0.0670912 0.0112652
12 0 12883 219 0.528663 0.529241 0.0710143 0.0786921 0.0112652
12 0 12883 220 0.525663 0.526372 0.0710115 0.0586126 0.0112652
12 0 12883 221 0.533114 0.529586 0.0824908 0.064228 0.0112652
12 0 12883 222 0.532639 0.532131 0.0794817 0.0730978 0.0112652
12 0 12883 223 0.533424 0.53038 0.0792387 0.0698847 0.0112652
12 0 12883 224 0.529024 0.531996 0.0755508 0.0751947 0.0112652
12 0 12883 225 0.524405 0.529832 0.0641516 0.0725405 0.0112652
12 0 12883 226 0.533014 0.530791 0.0763072 0.0680767 0.0112652
12 0 12883 227 0.528621 0.532283 0.0682287 0.0727604 0.0112652
12 0 12883 228 0.527818 0.530443 0.0740816 0.065701 0.0112652
12 0 12883 229 0.529981 0.533656 0.0771366 0.0663276 0.0112652
12 0 12883 230 0.528035 0.530489 0.0772242 0.0706149 0.0112652
12 0 12883 231 0.524891 0.539114 0.0647419 0.0784856 0.0112652
12 0 12883 232 0.526956 0.529703 0.0716781 0.0680747 0.0112652
12 0 12883 233 0.533027 0.526927 0.0826231 0.0618203 0.0112652
12 0 12883 234 0.528415 0.531012 0.0756034 0.071585 0.0112652
12 0 12883 235 0.532316 0.527485 0.080723 0.0652804 0.0112652
12 0 12883 236 0.527709 0.532401 0.0712548 0.0692061 0.0112652
12 0 12883 237 0.52854 0.528743 0.0738007 0.0674624 0.0112652
12 0 12883 238 0.53066 0.53384 0.0749659 0.0755296 0.0112652
12 0 12883 239 0.527934 0.526271 0.0765011 0.0642327 0.0112652
12 0 12883 240 0.532796 0.531769 0.0825254 0.0655316 0.0112652
12 0 12883 241 0.530792 0.524734 0.076739 0.0646731 0.0112652
12 0 12883 242 0.527795 0.536873 0.0676322 0.0757096 0.0112652
12 0 12883 243 0.526807 0.532671 0.068213 0.0731294 0.0112652
12 0 12883 244 0.527224 0.526466 0.0749742 0.0614875 0.0112652
12 0 12883 245 0.532651 0.527715 0.0788246 0.0658804 0.0112652
12 0 12883 246 0.529512 0.526375 0.0734165 0.071341 0.0112652
12 0 12883 247 0.525751 0.528248 0.0712648 0.0673868 0.0112652
12 0 12883 248 0.528094 0.528268 0.0775037 0.069709 0.0112652
12 0 12883 249 0.530459 0.526468 0.0777122 0.060737 0.0112652
12 0 12883 250 0.530385 0.53404 0.0761622 0.0705086 0.0112652
12 0 12883 251 0.531414 0.530118 0.0778452 0.0664622 0.0112652
12 0 12883 252 0.530357 0.530899 0.0776 0.0731634 0.0112652
12 0 12883 253 0.531482 0.530521 0.0808696 0.0679151 0.0112652
12 0 12883 254 0.531675 0.531244 0.0869166 0.0679475 0.0112652
12 0 12883 255 0.52998 0.528723 0.0802366 0.0688215 0.0112652
12 0 12883 256 0.530951 0.530083 0.0775991 0.0663572 0.0112652
12 0 12883 257 0.534066 0.529207 0.0790738 0.0648554 0.0112652
12 0 12883 258 0.533965 0.532098 0.0828694 0.0700567 0.0112652
12 0 12883 259 0.528092 0.528739 0.0768481 0.0704677 0.0112652
12 0 12883 260 0.530139 0.530137 0.0754113 0.0687804 0.0112652
12 0 12883 261 0.525939 0.529526 0.0740461 0.0681092 0.0112652
12 0 12883 262 0.527746 0.529013 0.0721285 0.0633244 0.0112652
12 0 12883 263 0.531426 0.53123 0.0753054 0.0720491 0.0112652
12 0 12883 264 0.529169 0.532812 0.0697997 0.0728859 0.0112652
12 0 12883 265 0.525677 0.529062 0.0730441 0.0676281 0.0112652
12 0 12883 266 0.53104 0.532084 0.0762156 0.0728099 0.0112652
12 0 12883 267 0.534897 0.528334 0.0850214 0.0650656 0.0112652
12 0 12883 268 0.529485 0.533535 0.0766743 0.0750962 0.0112652
12 0 12883 269 0.528953 0.530534 0.0757863 0.0766701 0.0112652
12 0 12883 270 0.52628 0.530967 0.0731176 0.0678464 0.0112652
12 0 12883 271 0.528232 0.531075 0.0754207 0.0669035 0.0112652
12 0 12883 272 0.527527 0.525215 0.0729245 0.0626956 0.0112652
12 0 12883 273 0.529247 0.530219 0.073518 0.0665375 0.0112652
12 0 12883 274 0.533425 0.528443 0.0820946 0.0632205 0.0112652
12 0 12883 275 0.529358 0.527979 0.074265 0.0630859 0.0112652
12 0 12883 276 0.52905 0.529476 0.0792284 0.0664256 0.0112652
12 0 12883 277 0.531749 0.535041 0.0822233 0.0721014 0.0112652
12 0 12883 278 0.535729 0.53121 0.0833834 0.066989 0.0112652
12 0 12883 279 0.528138 0.532602 0.0750337 0.0710435 0.0112652
12 0 12883 280 0.526336 0.527591 0.0713518 0.0672089 0.0112652
12 0 12883 281 0.529852 0.534298 0.0804221 0.0802851 0.0112652
12 0 12883 282 0.529396 0.527724 0.0765932 0.0682506 0.0112652
12 0 12883 283 0.53266 0.527954 0.0795898 0.0744223 0.0112652
12 0 12883 284 0.528767 0.534566 0.079263 0.0693411 0.0112652
12 0 12883 285 0.530133 0.534096 0.0771983 0.0752104 0.0112652
12 0 12883 286 0.531509 0.53111 0.0801063 0.0732063 0.0112652
12 0 12883 287 0.530484 0.530939 0.0744818 0.0738013 0.0112652
12 0 12883 288 0.527768 0.52973 0.0719446 0.0648228 0.0112652
12 0 12883 289 0.527451 0.52774 0.0757928 0.0664573 0.0112652
12 0 12883 290 0.531955 0.528458 0.0763726 0.0694741 0.0112652
12 0 12883 291 0.52895 0.525939 0.0750669 0.0635338 0.0112652
12 0 12883 292 0.526899 0.529975 0.0721346 0.0773121 0.0112652
12 0 12883 293 0.527609 0.53233 0.0720564 0.0706956 0.0112652
12 0 12883 294 0.530335 0.527841 0.0754447 0.0630758 0.0112652
12 0 12883 295 0.533535 0.528831 0.0792398 0.0687961 0.0112652
12 0 12883 296 0.532921 0.524988 0.0813474 0.0673065 0.0112652
12 0 12883 297 0.529111 0.531484 0.0771971 0.0688272 0.0112652
12 0 12883 298 0.532333 0.531226 0.0838459 0.0712377 0.0112652
12 0 12883 299 0.526979 0.532996 0.0707157 0.0775705 0.0112652
12 0 12883 300 0.528544 0.527799 0.0772545 0.0664318 0.0112652
12 0 12883 301 0.524336 0.533093 0.071437 0.0722052 0.0112652
12 0 12883 302 0.526952 0.525827 0.0712466 0.0649665 0.0112652
12 0 12883 303 0.526574 0.531911 0.0763287 0.0711726 0.0112652
12 0 12883 304 0.532409 0.527329 0.0782553 0.0715659 0.0112652
12 0 12883 305 0.527899 0.530055 0.0730129 0.0701845 0.0112652
12 0 12883 306 0.527871 0.530672 0.0677389 0.0750506 0.0112652
12 0 12883 307 0.534807 0.530939 0.0829407 0.0688858 0.0112652
12 0 12883 308 0.526781 0.533632 0.0736218 0.0736093 0.0112652
12 0 12883 309 0.530872 0.528034 0.0821956 0.0599442 0.0112652
12 0 12883 310 0.531228 0.525844 0.0795623 0.0643403 0.0112652
12 0 12883 311 0.530622 0.529928 0.0751238 0.0685264 0.0112652
12 0 12883 312 0.529886 0.522704 0.0819701 0.0623827 0.0112652
12 0 12883 313 0.52847 0.529224 0.0742078 0.0706357 0.0112652
12 0 12883 314 0.530215 0.535364 0.0807691 0.0774277 0.0112652
12 0 12883 315 0.5274 0.532608 0.0706754 0.0730098 0.0112652
12 0 12883 316 0.529511 0.531287 0.0717459 0.0680389 0.0112652
12 0 12883 317 0.531962 0.527074 0.0806394 0.0669356 0.0112652
12 0 12883 318 0.530048 0.533465 0.0816489 0.0701869 0.0112652
12 0 12883 319 0.531988 0.528909 0.077167 0.0690081 0.0112652
12 0 12883 320 0.530741 0.529489 0.0785677 0.0667555 0.0112652
12 0 12883 321 0.529995 0.530323 0.073298 0.0715941 0.0112652
12 0 12883 322 0.529308 0.529651 0.0758529 0.0659173 0.0112652
12 0 12883 323 0.529995 0.530627 0.0741149 0.0700517 0.0112652
12 0 12883 324 0.530988 0.530741 0.0783683 0.0755667 0.0112652
12 0 12883 325 0.531182 0.529847 0.0795112 0.068437 0.0112652
12 0 12883 326 0.527448 0.529597 0.071025 0.0663778 0.0112652
12 0 12883 327 0.531131 0.531146 0.0782501 0.0690209 0.0112652
12 0 12883 328 0.529596 0.532143 0.0799732 0.0717668 0.0112652
12 0 12883 329 0.52809 0.531983 0.0704348 0.0741826 0.0112652
12 0 12883 330 0.526669 0.532566 0.0698807 0.068484 0.0112652
12 0 12883 331 0.530049 0.53218 0.0822815 0.0726731 0.0112652
12 0 12883 332 0.529618 0.52874 0.0759971 0.0689187 0.0112652
12 0 12883 333 0.529979 0.53366 0.0780853 0.0715954 0.0112652
12 0 12883 334 0.528291 0.52691 0.0764013 0.0644357 0.0112652
12 0 12883 335 0.529104 0.529435 0.0719929 0.0723498 0.0112652
12 0 12883 336 0.529903 0.529648 0.0753582 0.0685426 0.0112652
12 0 12883 337 0.531747 0.532423 0.0819899 0.0700261 0.0112652
12 0 12883 338 0.528899 0.52742 0.0747222 0.0643293 0.0112652
12 0 12883 339 0.527703 0.526429 0.0712535 0.0689143 0.0112652
12 0 12883 340 0.528487 0.529438 0.0774451 0.0687208 0.0112652
12 0 12883 341 0.531613 0.528996 0.0773118 0.0660155 0.0112652
12 0 12883 342 0.524942 0.527911 0.0669354 0.0698464 0.0112652
12 0 12883 343 0.529894 0.533907 0.077206 0.077517 0.0112652
12 0 12883 344 0.526105 0.532946 0.0733359 0.0746414 0.0112652
12 0 12883 345 0.529634 0.529649 0.0709213 0.0676056 0.0112652
12 0 12883 346 0.5259 0.528524 0.071996 0.0654166 0.0112652
12 0 12883 347 0.527311 0.529802 0.0704845 0.0691305 0.0112652
12 0 12883 348 0.529229 0.529075 0.07571 0.0674086 0.0112652
12 0 12883 349 0.533177 0.533013 0.0827243 0.0677563 0.0112652
12 0 12883 350 0.529069 0.527829 0.0772179 0.0624722 0.0112652
12 0 12883 351 0.527373 0.530965 0.0734782 0.0715916 0.0112652
12 0 12883 352 0.530788 0.527292 0.0793627 0.0647684 0.0112652
12 0 12883 353 0.528211 0.529603 0.0716126 0.0679123 0.0112652
12 0 12883 354 0.527206 0.529709 0.07153 0.0681546 0.0112652
12 0 12883 355 0.532088 0.526917 0.0826035 0.0667168 0.0112652
12 0 12883 356 0.527963 0.529474 0.075426 0.0677686 0.0112652
12 0 12883 357 0.528082 0.532225 0.073962 0.0737596 0.0112652
12 0 12883 358 0.532859 0.532172 0.0854953 0.0694526 0.0112652
12 0 12883 359 0.528808 0.529839 0.0714018 0.0701077 0.0112652
12 0 12883 360 0.529224 0.527588 0.0750571 0.0668972 0.0112652
12 0 12883 361 0.526698 0.529155 0.0717388 0.0675068 0.0112652
12 0 12883 362 0.531674 0.531948 0.0762064 0.0665273 0.0112652
12 0 12883 363 0.527072 0.530229 0.0729615 0.0670983 0.0112652
12 0 12883 364 0.530534 0.530091 0.0801312 0.0702027 0.0112652
12 0 12883 365 0.529487 0.527213 0.0793207 0.069193 0.0112652
12 0 12883 366 0.531854 0.530133 0.0803641 0.0700122 0.0112652
12 0 12883 367 0.527322 0.529693 0.0710018 0.0691392 0.0112652
12 0 12883 368 0.52889 0.537333 0.0718193 0.0751584 0.0112652
12 0 12883 369 0.53013 0.529916 0.0799998 0.0669045 0.0112652
12 0 12883 370 0.53197 0.530047 0.0794606 0.0651113 0.0112652
12 0 12883 371 0.527642 0.528897 0.0743049 0.0666477 0.0112652
12 0 12883 372 0.530859 0.532295 0.0788533 0.0671505 0.0112652
12 0 12883 373 0.52807 0.528405 0.0737234 0.0682478 0.0112652
12 0 12883 374 0.531564 0.53121 0.0753647 0.0689132 0.0112652
12 0 12883 375 0.532353 0.529944 0.0756863 0.0740167 0.0112652
12 0 12883 376 0.530503 0.526734 0.0772535 0.0611396 0.0112652
12 0 12883 377 0.528959 0.525906 0.0742322 0.0624942 0.0112652
12 0 12883 378 0.529284 0.532526 0.0700595 0.0722621 0.0112652
12 0 12883 379 0.534439 0.530208 0.0797325 0.0699289 0.0112652
12 0 12883 380 0.529445 0.528742 0.0762739 0.0655211 0.0112652
12 0 12883 381 0.531627 0.530352 0.0777621 0.0667033 0.0112652
12 0 12883 382 0.531771 0.531168 0.085037 0.0709495 0.0112652
12 0 12883 383 0.53031 0.529266 0.0826915 0.0684464 0.0112652
12 0 12883 384 0.530713 0.529123 0.0789818 0.0648512 0.0112652
12 0 12883 385 0.53136 0.530374 0.0804893 0.0672061 0.0112652
12 0 12883 386 0.531873 0.530253 0.0800456 0.0703821 0.0112652
12 0 12883 387 0.529212 0.526476 0.0774429 0.0649262 0.0112652
12 0 12883 388 0.527293 0.531585 0.0730932 0.0691545 0.0112652
12 0 12883 389 0.528863 0.530337 0.0735968 0.0692468 0.0112652
12 0 12883 390 0.526501 0.529511 0.0695214 0.0674163 0.0112652
12 0 12883 391 0.528972 0.532675 0.075393 0.0697703 0.0112652
12 0 12883 392 0.530285 0.531505 0.0802482 0.0707442 0.0112652
12 0 12883 393 0.527804 0.531816 0.0712268 0.067027 0.0112652
12 0 12883 394 0.529379 0.529323 0.077644 0.0667197 0.0112652
12 0 12883 395 0.532122 0.533137 0.0780536 0.0753672 0.0112652
12 0 12883 396 0.530993 0.531507 0.0773167 0.074531 0.0112652
12 0 12883 397 0.530503 0.532206 0.0788331 0.0698181 0.0112652
12 0 12883 398 0.533302 0.531085 0.0836341 0.0702135 0.0112652
12 0 12883 399 0.531752 0.526395 0.0790725 0.0660449 0.0112652
12 0 12883 400 0.531782 0.530786 0.0804214 0.0668806 0.0112652
12 0 12883 401 0.530712 0.532949 0.0781559 0.0723052 0.0112652
12 0 12883 402 0.52963 0.533153 0.0771028 0.0682861 0.0112652
12 0 12883 403 0.529559 0.527314 0.0758002 0.0663787 0.0112652
12 0 12883 404 0.532654 0.529805 0.0831073 0.0706591 0.0112652
12 0 12883 405 0.529724 0.529517 0.0767564 0.0677984 0.0112652
12 0 12883 406 0.530354 0.529716 0.0780701 0.0680936 0.0112652
12 0 12883 407 0.532594 0.529689 0.083218 0.0700854 0.0112652
12 0 12883 408 0.530757 0.530591 0.0809628 0.0642424 0.0112652
12 0 12883 409 0.530122 0.531425 0.0770929 0.0756584 0.0112652
12 0 12883 410 0.53396 0.527189 0.0789275 0.0624933 0.0112652
12 0 12883 411 0.529957 0.527122 0.0747403 0.0654146 0.0112652
12 0 12883 412 0.530837 0.529934 0.0784962 0.0656998 0.0112652
12 0 12883 413 0.528469 0.531093 0.0742565 0.0689804 0.0112652
12 0 12883 414 0.528173 0.533977 0.0698201 0.0764462 0.0112652
12 0 12883 415 0.529521 0.529463 0.0776603 0.0676735 0.0112652
12 0 12883 416 0.527725 0.526916 0.0736632 0.0663098 0.0112652
12 0 12883 417 0.529004 0.530969 0.0720035 0.0723964 0.0112652
12 0 12883 418 0.530869 0.532177 0.0776935 0.0695381 0.0112652
12 0 12883 419 0.530945 0.530423 0.0813257 0.0710656 0.0112652
12 0 12883 420 0.52987 0.529708 0.0707548 0.0690466 0.0112652
12 0 12883 421 0.528719 0.530697 0.0741491 0.0730464 0.0112652
12 0 12883 422 0.529218 0.529362 0.0745482 0.0660152 0.0112652
12 0 12883 423 0.53072 0.530069 0.074451 0.0664615 0.0112652
12 0 12883 424 0.530148 0.530009 0.0804548 0.0693803 0.0112652
12 0 12883 425 0.527486 0.534567 0.0735396 0.0741806 0.0112652
12 0 12883 426 0.531651 0.532951 0.0807075 0.0701871 0.0112652
12 0 12883 427 0.528448 0.530362 0.0733123 0.0682551 0.0112652
12 0 12883 428 0.530478 0.528742 0.0736872 0.0667424 0.0112652
12 0 12883 429 0.529801 0.531425 0.0795603 0.0699728 0.0112652
12 0 12883 430 0.529003 0.53133 0.0704685 0.0710431 0.0112652
12 0 12883 431 0.531834 0.529725 0.0810489 0.06847 0.0112652
12 0 12883 432 0.529327 0.528715 0.0739876 0.071708 0.0112652
12 0 12883 433 0.528967 0.530262 0.0780194 0.0702098 0.0112652
12 0 12883 434 0.52608 0.5312 0.067859 0.07225 0.0112652
12 0 12883 435 0.527329 0.527488 0.0705474 0.0679326 0.0112652
12 0 12883 436 0.530849 0.529544 0.0789542 0.0675395 0.0112652
12 0 12883 437 0.532219 0.532922 0.0793633 0.0711117 0.0112652
12 0 12883 438 0.530916 0.530207 0.0751375 0.0700297 0.0112652
12 0 12883 439 0.530039 0.528474 0.080053 0.067241 0.0112652
12 0 12883 440 0.527889 0.531984 0.0723632 0.0695959 0.0112652
12 0 12883 441 0.528901 0.5283 0.0747353 0.0654755 0.0112652
12 0 12883 442 0.529256 0.530002 0.0758349 0.0696728 0.0112652
12 0 12883 443 0.531695 0.532568 0.0819238 0.0704306 0.0112652
12 0 12883 444 0.529007 0.530281 0.0790623 0.0683352 0.0112652
12 0 12883 445 0.528046 0.530168 0.0773043 0.0662281 0.0112652
12 0 12883 446 0.530562 0.529031 0.0776899 0.0637751 0.0112652
12 0 12883 447 0.528781 0.532691 0.0719507 0.0687201 0.0112652
12 0 12883 448 0.529329 0.531829 0.0776041 0.0684378 0.0112652
12 0 12883 449 0.528514 0.530135 0.0769241 0.0704737 0.0112652
12 0 12883 450 0.531906 0.531737 0.0770621 0.0708074 0.0112652
12 0 12883 451 0.53202 0.531519 0.0742967 0.0742877 0.0112652
12 0 12883 452 0.529608 0.528997 0.0762434 0.0666287 0.0112652
12 0 12883 453 0.532393 0.535154 0.0819356 0.0692447 0.0112652
12 0 12883 454 0.527135 0.528872 0.0760423 0.0673479 0.0112652
12 0 12883 455 0.528194 0.527931 0.07152 0.0644282 0.0112652
12 0 12883 456 0.529993 0.529757 0.0774106 0.0667789 0.0112652
12 0 12883 457 0.531403 0.53092 0.082146 0.0709229 0.0112652
12 0 12883 458 0.52991 0.531612 0.0744054 0.0695921 0.0112652
12 0 12883 459 0.529656 0.530708 0.0773971 0.0690093 0.0112652
12 0 12883 460 0.529579 0.532574 0.0776178 0.0739693 0.0112652
12 0 12883 461 0.528886 0.528984 0.0739524 0.0724311 0.0112652
12 0 12883 462 0.533636 0.527256 0.0798181 0.0636981 0.0112652
12 0 12883 463 0.527972 0.531673 0.0772861 0.0642831 0.0112652
12 0 12883 464 0.528914 0.530851 0.0717212 0.07591 0.0112652
12 0 12883 465 0.530453 0.529946 0.0770072 0.0671813 0.0112652
12 0 12883 466 0.529018 0.529561 0.0749674 0.0703361 0.0112652
12 0 12883 467 0.527928 0.528668 0.0759552 0.0693671 0.0112652
12 0 12883 468 0.528083 0.530088 0.0794496 0.0678889 0.0112652
12 0 12883 469 0.528841 0.52969 0.0782786 0.0682946 0.0112652
12 0 12883 470 0.529087 0.531693 0.0766712 0.0720711 0.0112652
12 0 12883 471 0.530156 0.529503 0.0766278 0.0716676 0.0112652
12 0 12883 472 0.528468 0.529807 0.0759644 0.0707318 0.0112652
12 0 12883 473 0.528504 0.527114 0.0740156 0.0673752 0.0112652
12 0 12883 474 0.530339 0.529713 0.0777511 0.0691186 0.0112652
12 0 12883 475 0.529995 0.53036 0.0733826 0.0677822 0.0112652
12 0 12883 476 0.530244 0.52705 0.0774084 0.0644994 0.0112652
12 0 12883 477 0.529089 0.528994 0.0753751 0.0652737 0.0112652
12 0 12883 478 0.529287 0.530889 0.0738654 0.0714558 0.0112652
12 0 12883 479 0.529071 0.531043 0.074579 0.0720053 0.0112652
12 0 12883 480 0.528402 0.527186 0.0731121 0.0665094 0.0112652
12 0 12883 481 0.53225 0.529835 0.0824778 0.0686957 0.0112652
12 0 12883 482 0.529153 0.530814 0.0786422 0.0693022 0.0112652
12 0 12883 483 0.531069 0.532155 0.0793412 0.0723139 0.0112652
12 0 12883 484 0.529377 0.530552 0.0755435 0.0678637 0.0112652
12 0 12883 485 0.528992 0.531106 0.0794984 0.0700955 0.0112652
12 0 12883 486 0.529386 0.527883 0.0759669 0.0714176 0.0112652
12 0 12883 487 0.529928 0.528773 0.0755098 0.0677271 0.0112652
12 0 12883 488 0.527303 0.53017 0.0750704 0.0691773 0.0112652
12 0 12883 489 0.530899 0.531518 0.0753011 0.068424 0.0112652
12 0 12883 490 0.528003 0.530018 0.0743996 0.0696386 0.0112652
12 0 12883 491 0.529841 0.529912 0.0773986 0.0677926 0.0112652
12 0 12883 492 0.526864 0.530785 0.0708371 0.0721976 0.0112652
12 0 12883 493 0.529421 0.530289 0.0764708 0.0692103 0.0112652
12 0 12883 494 0.533331 0.531289 0.0819503 0.0687451 0.0112652
12 0 12883 495 0.530307 0.530842 0.0833292 0.0683523 0.0112652
12 0 12883 496 0.527987 0.531312 0.0719018 0.0721937 0.0112652
12 0 12883 497 0.530978 0.52824 0.0787167 0.0683598 0.0112652
12 0 12883 498 0.532601 0.5284 0.0783696 0.0668898 0.0112652
12 0 12883 499 0.531322 0.530654 0.0802662 0.0698951 0.0112652
12 0 12883 500 0.530281 0.529216 0.076089 0.0664625 0.0112652
12 0 12883 501 0.527442 0.534185 0.071037 0.0724269 0.0112652
12 0 12883 502 0.528909 0.528623 0.0758213 0.068956 0.0112652
12 0 12883 503 0.529038 0.531062 0.0754427 0.0707635 0.0112652
12 0 12883 504 0.529702 0.531784 0.0790477 0.072002 0.0112652
12 0 12883 505 0.529045 0.53153 0.0734048 0.0666313 0.0112652
12 0 12883 506 0.530149 0.531862 0.0757798 0.0695035 0.0112652
12 0 12883 507 0.532033 0.530007 0.0810099 0.0712295 0.0112652
12 0 12883 508 0.531474 0.529839 0.0809404 0.0665678 0.0112652
12 0 12883 509 0.528251 0.527735 0.0771149 0.0659313 0.0112652
12 0 12883 510 0.530817 0.530183 0.0782925 0.0714208 0.0112652
12 0 12883 511 0.531803 0.531612 0.0763138 0.0709288 0.0112652
12 0 12883 512 0.531216 0.531609 0.0769225 0.0696242 0.0112652
12 0 12883 513 0.529209 0.529849 0.0728245 0.0706416 0.0112652
12 0 12883 514 0.529466 0.531875 0.0779777 0.0724743 0.0112652
12 0 12883 515 0.530628 0.53157 0.0784152 0.0680335 0.0112652
12 0 12883 516 0.530447 0.532465 0.0790112 0.0744393 0.0112652
12 0 12883 517 0.529322 0.531506 0.0763494 0.0703358 0.0112652
12 0 12883 518 0.527512 0.529904 0.0730486 0.0651955 0.0112652
12 0 12883 519 0.528579 0.530378 0.0768371 0.0660926 0.0112652
12 0 12883 520 0.529325 0.530621 0.0757608 0.0703642 0.0112652
12 0 12883 521 0.531368 0.532538 0.0809724 0.0709932 0.0112652
12 0 12883 522 0.530662 0.529821 0.0760366 0.0683748 0.0112652
12 0 12883 523 0.527573 0.530106 0.0739195 0.0698287 0.0112652
12 0 12883 524 0.530044 0.530663 0.0800956 0.0663699 0.0112652
12 0 12883 525 0.529529 0.52907 0.0763194 0.0683298 0.0112652
12 0 12883 526 0.528798 0.528643 0.0769797 0.0689695 0.0112652
12 0 12883 527 0.527744 0.530148 0.07503 0.0711464 0.0112652
12 0 12883 528 0.528163 0.529062 0.0710444 0.0677855 0.0112652
12 0 12883 529 0.529051 0.533967 0.0763778 0.0748079 0.0112652
12 0 12883 530 0.527764 0.531469 0.0791191 0.0719364 0.0112652
12 0 12883 531 0.529972 0.528955 0.0762167 0.0690906 0.0112652
12 0 12883 532 0.526203 0.530225 0.0698601 0.0676889 0.0112652
12 0 12883 533 0.530128 0.530668 0.0791227 0.0711076 0.0112652
12 0 12883 534 0.530119 0.529541 0.0791117 0.0654796 0.0112652
12 0 12883 535 0.530068 0.530497 0.0818709 0.0702058 0.0112652
12 0 12883 536 0.529604 0.529296 0.0736671 0.0663924 0.0112652
12 0 12883 537 0.527174 0.529916 0.0727601 0.0655773 0.0112652
12 0 12883 538 0.529715 0.526756 0.0762953 0.0721224 0.0112652
12 0 12883 539 0.52805 0.529579 0.0766663 0.0696217 0.0112652
12 0 12883 540 0.530645 0.529558 0.0771679 0.0711891 0.0112652
12 0 12883 541 0.528865 0.530613 0.0787059 0.0716202 0.0112652
12 0 12883 542 0.528698 0.53412 0.0739731 0.0751855 0.0112652
12 0 12883 543 0.530328 0.52831 0.0805539 0.0653582 0.0112652
12 0 12883 544 0.529791 0.530324 0.0786478 0.067674 0.0112652
12 0 12883 545 0.528515 0.530296 0.0750285 0.0699067 0.0112652
12 0 12883 546 0.529047 0.52799 0.0762468 0.0666916 0.0112652
12 0 12883 547 0.531188 0.527954 0.0773648 0.0685793 0.0112652
12 0 12883 548 0.530331 0.532911 0.0759632 0.0666823 0.0112652
12 0 12883 549 0.530892 0.534158 0.0790675 0.0716516 0.0112652
12 0 12883 550 0.52717 0.531736 0.0724597 0.0723814 0.0112652
12 0 12883 551 0.530842 0.527553 0.0789343 0.0659498 0.0112652
12 0 12883 552 0.532355 0.532951 0.0802774 0.0727985 0.0112652
12 0 12883 553 0.52792 0.530896 0.0722686 0.0679934 0.0112652
12 0 12883 554 0.527542 0.528574 0.0728866 0.0680546 0.0112652
12 0 12883 555 0.530384 0.528736 0.0767987 0.0693939 0.0112652
12 0 12883 556 0.52805 0.530683 0.0742282 0.0717563 0.0112652
12 0 12883 557 0.53113 0.529576 0.0792236 0.0686078 0.0112652
12 0 12883 558 0.530326 0.531773 0.0755837 0.0726347 0.0112652
12 0 12883 559 0.529779 0.529989 0.075589 0.0690815 0.0112652
12 0 12883 560 0.531324 0.530206 0.0808818 0.0686808 0.0112652
12 0 12883 561 0.5285 0.530182 0.0709036 0.072009 0.0112652
12 0 12883 562 0.529823 0.529075 0.075616 0.0661113 0.0112652
12 0 12883 563 0.529568 0.53281 0.0763345 0.0674676 0.0112652
12 0 12883 564 0.530613 0.530113 0.0791092 0.0684082 0.0112652
12 0 12883 565 0.529994 0.527865 0.0793359 0.070252 0.0112652
12 0 12883 566 0.528473 0.529559 0.075062 0.0671912 0.0112652
12 0 12883 567 0.531112 0.530836 0.0758642 0.069711 0.0112652
12 0 12883 568 0.530788 0.530733 0.0779921 0.0691863 0.0112652
12 0 12883 569 0.530862 0.530725 0.078877 0.0735482 0.0112652
12 0 12883 570 0.531614 0.532827 0.0786975 0.0731481 0.0112652
12 0 12883 571 0.528976 0.526588 0.0758436 0.0648567 0.0112652
12 0 12883 572 0.528321 0.531642 0.074948 0.0738596 0.0112652
12 0 12883 573 0.530642 0.529834 0.0773996 0.0653051 0.0112652
12 0 12883 574 0.528088 0.531277 0.074291 0.0660161 0.0112652
12 0 12883 575 0.528366 0.529739 0.0725568 0.0655446 0.0112652
12 0 12883 576 0.530461 0.530798 0.0762328 0.0689349 0.0112652
12 0 12883 577 0.530689 0.532468 0.0758049 0.0660558 0.0112652
12 0 12883 578 0.529777 0.533238 0.0763724 0.0745753 0.0112652
12 0 12883 579 0.53162 0.529984 0.0782437 0.070613 0.0112652
12 0 12883 580 0.529758 0.530333 0.0759816 0.0703342 0.0112652
12 0 12883 581 0.528386 0.531805 0.0713055 0.0725816 0.0112652
12 0 12883 582 0.530192 0.532303 0.0759489 0.0716852 0.0112652
12 0 12883 583 0.530933 0.528829 0.0790057 0.0641008 0.0112652
12 0 12883 584 0.531275 0.53004 0.0773758 0.0683676 0.0112652
12 0 12883 585 0.530189 0.532936 0.0767709 0.0704697 0.0112652
12 0 12883 586 0.529598 0.529022 0.0788215 0.0653265 0.0112652
12 0 12883 587 0.531017 0.527411 0.0799329 0.0646926 0.0112652
12 0 12883 588 0.526654 0.529157 0.0724764 0.0670592 0.0112652
12 0 12883 589 0.527928 0.533203 0.0729132 0.075041 0.0112652
12 0 12883 590 0.531424 0.530526 0.0789114 0.0688711 0.0112652
12 0 12883 591 0.525633 0.529053 0.0727584 0.0667668 0.0112652
12 0 12883 592 0.530259 0.52991 0.076632 0.0686802 0.0112652
12 0 12883 593 0.531695 0.534753 0.0789562 0.0730954 0.0112652
12 0 12883 594 0.530646 0.531525 0.0780215 0.0704802 0.0112652
12 0 12883 595 0.530089 0.528615 0.0755069 0.069211 0.0112652
12 0 12883 596 0.528695 0.53147 0.07378 0.0687103 0.0112652
12 0 12883 597 0.529982 0.528156 0.0770963 0.0661538 0.0112652
12 0 12883 598 0.529191 0.531103 0.0750965 0.0678551 0.0112652
12 0 12883 599 0.529875 0.529707 0.0765454 0.0679891 0.0112652
12 0 12883 600 0.52978 0.530753 0.0777522 0.0697353 0.0112652
12 0 12883 601 0.530681 0.527345 0.0780443 0.0652649 0.0112652
12 0 12883 602 0.531958 0.530395 0.0804976 0.0708691 0.0112652
12 0 12883 603 0.529674 0.530438 0.078751 0.0712811 0.0112652
12 0 12883 604 0.529604 0.530466 0.0745144 0.0681612 0.0112652
12 0 12883 605 0.530784 0.533335 0.0774865 0.0729271 0.0112652
12 0 12883 606 0.530396 0.527546 0.0744361 0.065536 0.0112652
12 0 12883 607 0.527914 0.530461 0.0735976 0.0686743 0.0112652
12 0 12883 608 0.53105 0.529556 0.0772667 0.0648745 0.0112652
12 0 12883 609 0.529824 0.530175 0.0797489 0.0677389 0.0112652
12 0 12883 610 0.528755 0.531616 0.0750601 0.0717441 0.0112652
12 0 12883 611 0.530982 0.527211 0.0778694 0.0693308 0.0112652
12 0 12883 612 0.533682 0.533474 0.0824052 0.0720155 0.0112652
12 0 12883 613 0.530731 0.52877 0.0770687 0.0690815 0.0112652
12 0 12883 614 0.529164 0.528111 0.0753846 0.0641695 0.0112652
12 0 12883 615 0.532184 0.530047 0.0782187 0.0700742 0.0112652
12 0 12883 616 0.528575 0.529973 0.0762795 0.0720761 0.0112652
12 0 12883 617 0.527321 0.531173 0.0780922 0.071689 0.0112652
12 0 12883 618 0.529356 0.529926 0.073183 0.0677909 0.0112652
12 0 12883 619 0.528334 0.531945 0.0746194 0.0725545 0.0112652
12 0 12883 620 0.528839 0.530173 0.0746799 0.0692477 0.0112652
12 0 12883 621 0.531068 0.529775 0.077037 0.0697107 0.0112652
12 0 12883 622 0.528318 0.529824 0.0732496 0.0702879 0.0112652
12 0 12883 623 0.529741 0.529417 0.0768016 0.0704787 0.0112652
12 0 12883 624 0.531114 0.529993 0.0781351 0.0728695 0.0112652
12 0 12883 625 0.528465 0.531925 0.0718177 0.0708943 0.0112652
12 0 12883 626 0.526515 0.529793 0.0723277 0.0683233 0.0112652
12 0 12883 627 0.529864 0.528424 0.0770274 0.0654148 0.0112652
12 0 12883 628 0.529571 0.531379 0.0749717 0.0706792 0.0112652
12 0 12883 629 0.531384 0.529533 0.0782778 0.0666173 0.0112652
12 0 12883 630 0.531894 0.529466 0.0802826 0.0671941 0.0112652
12 0 12883 631 0.52881 0.531707 0.0764086 0.0694069 0.0112652
12 0 12883 632 0.529741 0.528274 0.0772645 0.0713057 0.0112652
12 0 12883 633 0.529022 0.528729 0.0773366 0.0694789 0.0112652
12 0 12883 634 0.52747 0.531355 0.0704229 0.0718585 0.0112652
12 0 12883 635 0.530528 0.529799 0.0767058 0.0702068 0.0112652
12 0 12883 636 0.530016 0.529634 0.0782159 0.0703245 0.0112652
12 0 12883 637 0.527592 0.529703 0.07324 0.0704152 0.0112652
12 0 12883 638 0.529493 0.528052 0.0775207 0.0639189 0.0112652
12 0 12883 639 0.529802 0.530106 0.0751808 0.0692028 0.0112652
12 0 12883 640 0.529017 0.532226 0.0771166 0.0730466 0.0112652
12 0 12883 641 0.525608 0.532586 0.0716784 0.0700819 0.0112652
12 0 12883 642 0.52999 0.52949 0.0766538 0.0703843 0.0112652
12 0 12883 643 0.53047 0.528868 0.0793931 0.0678279 0.0112652
12 0 12883 644 0.530973 0.530665 0.0815417 0.069031 0.0112652
12 0 12883 645 0.527908 0.530418 0.0723142 0.0754059 0.0112652
12 0 12883 646 0.528784 0.535039 0.0744523 0.0736723 0.0112652
12 0 12883 647 0.529865 0.531791 0.076676 0.0718434 0.0112652
12 0 12883 648 0.529317 0.530406 0.0747266 0.0682118 0.0112652
12 0 12883 649 0.530255 0.532931 0.0769153 0.0715952 0.0112652
12 0 12883 650 0.528184 0.529583 0.0777946 0.0707133 0.0112652
12 0 12883 651 0.529152 0.52885 0.0758058 0.0698027 0.0112652
12 0 12883 652 0.529945 0.530307 0.0740107 0.067496 0.0112652
12 0 12883 653 0.527223 0.535057 0.0740767 0.0728318 0.0112652
12 0 12883 654 0.530825 0.529053 0.0756662 0.0677793 0.0112652
12 0 12883 655 0.531985 0.529036 0.0794498 0.0666537 0.0112652
12 0 12883 656 0.527995 0.527014 0.0692563 0.0647921 0.0112652
12 0 12883 657 0.529217 0.529505 0.0774007 0.0629349 0.0112652
12 0 12883 658 0.531878 0.530505 0.0791408 0.0699075 0.0112652
12 0 12883 659 0.528937 0.530825 0.0769582 0.0682929 0.0112652
12 0 12883 660 0.530481 0.527706 0.0765112 0.0665932 0.0112652
12 0 12883 661 0.528352 0.529662 0.0745647 0.0676388 0.0112652
12 0 12883 662 0.530391 0.530432 0.0798323 0.0703015 0.0112652
12 0 12883 663 0.531466 0.526319 0.0788882 0.066992 0.0112652
12 0 12883 664 0.529747 0.528033 0.0771342 0.0664498 0.0112652
12 0 12883 665 0.529462 0.529448 0.0750959 0.0708836 0.0112652
12 0 12883 666 0.52937 0.529014 0.0746642 0.0677007 0.0112652
12 0 12883 667 0.529176 0.530102 0.0762825 0.070208 0.0112652
12 0 12883 668 0.529496 0.53002 0.0749497 0.0677517 0.0112652
12 0 12883 669 0.529993 0.531522 0.0785195 0.0690366 0.0112652
12 0 12883 670 0.53097 0.529375 0.0809203 0.0663436 0.0112652
12 0 12883 671 0.531302 0.527986 0.077685 0.065488 0.0112652
12 0 12883 672 0.529737 0.52794 0.0815746 0.0672785 0.0112652
12 0 12883 673 0.530874 0.529012 0.0779243 0.0649118 0.0112652
12 0 12883 674 0.528286 0.529158 0.0766761 0.0662798 0.0112652
12 0 12883 675 0.531298 0.528651 0.0800667 0.0697587 0.0112652
12 0 12883 676 0.530752 0.529356 0.0772217 0.0676671 0.0112652
12 0 12883 677 0.529811 0.530015 0.0749463 0.0724701 0.0112652
12 0 12883 678 0.529496 0.529643 0.0743389 0.0723538 0.0112652
12 0 12883 679 0.531219 0.531101 0.0789975 0.070706 0.0112652
12 0 12883 680 0.527544 0.530464 0.0752375 0.0693508 0.0112652
12 0 12883 681 0.5281 0.530702 0.0760896 0.0710217 0.0112652
12 0 12883 682 0.529919 0.529549 0.0767961 0.068673 0.0112652
12 0 12883 683 0.530025 0.53171 0.0778606 0.070719 0.0112652
12 0 12883 684 0.530377 0.528934 0.0789854 0.0666617 0.0112652
12 0 12883 685 0.528408 0.53198 0.0758396 0.0721579 0.0112652
12 0 12883 686 0.532538 0.530445 0.0791317 0.0665274 0.0112652
12 0 12883 687 0.529923 0.531533 0.0752794 0.0712643 0.0112652
12 0 12883 688 0.529282 0.530489 0.0754126 0.0691979 0.0112652
12 0 12883 689 0.53359 0.529947 0.0824742 0.0702135 0.0112652
12 0 12883 690 0.527066 0.531454 0.0714521 0.0728669 0.0112652
12 0 12883 691 0.530588 0.526792 0.0768709 0.0650895 0.0112652
12 0 12883 692 0.532378 0.530374 0.0793685 0.0683642 0.0112652
12 0 12883 693 0.529625 0.53129 0.0757318 0.0697004 0.0112652
12 0 12883 694 0.529124 0.531033 0.0777357 0.0699636 0.0112652
12 0 12883 695 0.529106 0.529087 0.0720767 0.0680401 0.0112652
12 0 12883 696 0.530841 0.528939 0.0788369 0.06986 0.0112652
12 0 12883 697 0.529138 0.528904 0.075555 0.068929 0.0112652
12 0 12883 698 0.528119 0.529922 0.0771178 0.0699511 0.0112652
12 0 12883 699 0.527933 0.530473 0.0734185 0.0722837 0.0112652
12 0 12883 700 0.529138 0.529266 0.0781754 0.0660424 0.0112652
12 0 12883 701 0.530456 0.530379 0.0794066 0.0727917 0.0112652
12 0 12883 702 0.530615 0.530574 0.0801568 0.0716946 0.0112652
12 0 12883 703 0.529456 0.530034 0.0775726 0.0698742 0.0112652
12 0 12883 704 0.529946 0.529251 0.0772141 0.0663615 0.0112652
12 0 12883 705 0.530008 0.533111 0.0786336 0.0712243 0.0112652
12 0 12883 706 0.532416 0.530804 0.0784716 0.0696924 0.0112652
12 0 12883 707 0.529463 0.530269 0.0747029 0.0691179 0.0112652
12 0 12883 708 0.528438 0.532053 0.0745327 0.0693929 0.0112652
12 0 12883 709 0.528905 0.532388 0.076559 0.0662449 0.0112652
12 0 12883 710 0.528275 0.530224 0.0753943 0.0697096 0.0112652
12 0 12883 711 0.529692 0.530783 0.0786497 0.0672395 0.0112652
12 0 12883 712 0.530506 0.527556 0.0792688 0.0682609 0.0112652
12 0 12883 713 0.530385 0.531284 0.076624 0.068146 0.0112652
12 0 12883 714 0.530451 0.530534 0.0741962 0.0678291 0.0112652
12 0 12883 715 0.528323 0.530889 0.0736003 0.0688669 0.0112652
12 0 12883 716 0.531025 0.530493 0.0777442 0.0705089 0.0112652
12 0 12883 717 0.528444 0.533023 0.0753868 0.0692711 0.0112652
12 0 12883 718 0.529214 0.530033 0.0739457 0.0705733 0.0112652
12 0 12883 719 0.529971 0.525575 0.0750788 0.0639267 0.0112652
12 0 12883 720 0.52868 0.529764 0.0719711 0.07047 0.0112652
12 0 12883 721 0.527593 0.528989 0.0734351 0.0651895 0.0112652
12 0 12883 722 0.529172 0.531114 0.0776102 0.0706017 0.0112652
12 0 12883 723 0.529783 0.528653 0.0777851 0.0713437 0.0112652
12 0 12883 724 0.526586 0.528493 0.0724258 0.0692108 0.0112652
12 0 12883 725 0.529408 0.530953 0.0730616 0.0675378 0.0112652
12 0 12883 726 0.53131 0.52929 0.0784813 0.065876 0.0112652
12 0 12883 727 0.529039 0.526208 0.0744675 0.0651996 0.0112652
12 0 12883 728 0.530299 0.530159 0.0768717 0.0697114 0.0112652
12 0 12883 729 0.531583 0.530082 0.0778266 0.0667375 0.0112652
12 0 12883 730 0.530858 0.530221 0.0762465 0.0708034 0.0112652
12 0 12883 731 0.528773 0.527517 0.0763531 0.0649409 0.0112652
12 0 12883 732 0.530528 0.530284 0.078006 0.0694012 0.0112652
12 0 12883 733 0.528336 0.528728 0.0711474 0.0692633 0.0112652
12 0 12883 734 0.529464 0.527372 0.0737857 0.0666205 0.0112652
12 0 12883 735 0.527751 0.527213 0.0739362 0.067599 0.0112652
12 0 12883 736 0.529694 0.531481 0.0738237 0.0732787 0.0112652
12 0 12883 737 0.531674 0.527962 0.0798218 0.0665308 0.0112652
12 0 12883 738 0.529348 0.528717 0.0746822 0.0690719 0.0112652
12 0 12883 739 0.530505 0.531357 0.07494 0.0728645 0.0112652
12 0 12883 740 0.530654 0.531125 0.0774639 0.0702215 0.0112652
12 0 12883 741 0.528767 0.532899 0.0751394 0.0703925 0.0112652
12 0 12883 742 0.529179 0.53048 0.0789339 0.0697895 0.0112652
12 0 12883 743 0.527389 0.529793 0.071015 0.0708905 0.0112652
12 0 12883 744 0.52907 0.530244 0.07608 0.0688178 0.0112652
12 0 12883 745 0.529651 0.529252 0.0785652 0.0700159 0.0112652
12 0 12883 746 0.530677 0.529563 0.080228 0.0666673 0.0112652
12 0 12883 747 0.5332 0.529451 0.0791779 0.0695617 0.0112652
12 0 12883 748 0.530596 0.528685 0.0789836 0.0669048 0.0112652
12 0 12883 749 0.529151 0.529108 0.074735 0.067032 0.0112652
12 0 12883 750 0.526891 0.53058 0.073242 0.0702604 0.0112652
12 0 12883 751 0.529887 0.529486 0.0769143 0.0676906 0.0112652
12 0 12883 752 0.52799 0.527696 0.0719644 0.065671 0.0112652
12 0 12883 753 0.530794 0.531071 0.0774984 0.0673203 0.0112652
12 0 12883 754 0.529606 0.527653 0.0786756 0.0667034 0.0112652
12 0 12883 755 0.529302 0.530492 0.0767718 0.0681892 0.0112652
12 0 12883 756 0.528546 0.531937 0.0744114 0.0712734 0.0112652
12 0 12883 757 0.531361 0.532628 0.0777058 0.0732174 0.0112652
12 0 12883 758 0.530221 0.531117 0.0809722 0.0686922 0.0112652
12 0 12883 759 0.527825 0.530294 0.0747415 0.0691464 0.0112652
12 0 12883 760 0.53044 0.530258 0.0770784 0.0713199 0.0112652
12 0 12883 761 0.528134 0.531246 0.0757367 0.068747 0.0112652
12 0 12883 762 0.529104 0.530475 0.0783418 0.0694046 0.0112652
12 0 12883 763 0.52785 0.532162 0.070115 0.0709362 0.0112652
12 0 12883 764 0.527872 0.528695 0.0744781 0.0691035 0.0112652
12 0 12883 765 0.527038 0.531111 0.0731671 0.0695846 0.0112652
12 0 12883 766 0.528889 0.52878 0.0773031 0.0657218 0.0112652
12 0 12883 767 0.529589 0.530789 0.0775605 0.0658386 0.0112652
12 0 12883 768 0.527989 0.530231 0.0717539 0.0687238 0.0112652
12 0 12883 769 0.531754 0.530465 0.0798374 0.0712695 0.0112652
12 0 12883 770 0.528562 0.532638 0.0736523 0.0712457 0.0112652
12 0 12883 771 0.530114 0.528106 0.079254 0.0670321 0.0112652
12 0 12883 772 0.529356 0.531031 0.075645 0.0735711 0.0112652
12 0 12883 773 0.529421 0.531029 0.0769321 0.0673298 0.0112652
12 0 12883 774 0.531318 0.528931 0.0795493 0.0660315 0.0112652
12 0 12883 775 0.530243 0.530563 0.0794907 0.0694583 0.0112652
12 0 12883 776 0.529632 0.529896 0.0782326 0.0691512 0.0112652
12 0 12883 777 0.530284 0.529145 0.0780438 0.0672417 0.0112652
12 0 12883 778 0.530636 0.531263 0.0801575 0.0689699 0.0112652
12 0 12883 779 0.527604 0.533215 0.0721327 0.0697633 0.0112652
12 0 12883 780 0.530312 0.531006 0.0761562 0.0714029 0.0112652
12 0 12883 781 0.529002 0.53074 0.0766825 0.0698816 0.0112652
12 0 12883 782 0.530436 0.530531 0.0776327 0.0704538 0.0112652
12 0 12883 783 0.530116 0.529791 0.0804733 0.0703287 0.0112652
12 0 12883 784 0.529486 0.529758 0.0752279 0.0698996 0.0112652
12 0 12883 785 0.529697 0.531474 0.07834 0.0661357 0.0112652
12 0 12883 786 0.528021 0.533032 0.075001 0.074517 0.0112652
12 0 12883 787 0.528253 0.530159 0.0707601 0.0693647 0.0112652
12 0 12883 788 0.527991 0.533593 0.0734884 0.0770443 0.0112652
12 0 12883 789 0.53249 0.527398 0.0811467 0.0662594 0.0112652
12 0 12883 790 0.529202 0.5308 0.0784018 0.0692246 0.0112652
12 0 12883 791 0.52844 0.530484 0.0764092 0.0721536 0.0112652
12 0 12883 792 0.529149 0.530287 0.073954 0.070455 0.0112652
12 0 12883 793 0.528006 0.528357 0.0722428 0.0646031 0.0112652
12 0 12883 794 0.529764 0.530596 0.0782941 0.0688572 0.0112652
12 0 12883 795 0.531332 0.53125 0.0797989 0.0718365 0.0112652
12 0 12883 796 0.530838 0.53075 0.0762025 0.0696589 0.0112652
12 0 12883 797 0.530028 0.530953 0.0790584 0.068728 0.0112652
12 0 12883 798 0.528403 0.529762 0.0720036 0.0696009 0.0112652
12 0 12883 799 0.528947 0.531073 0.0760342 0.0708041 0.0112652
12 0 12883 800 0.527531 0.530354 0.0743299 0.06733 0.0112652
12 0 12883 801 0.531747 0.530124 0.0809293 0.0699462 0.0112652
12 0 12883 802 0.528586 0.531995 0.0743948 0.0715939 0.0112652
12 0 12883 803 0.531314 0.528421 0.0788661 0.0664494 0.0112652
12 0 12883 804 0.528671 0.531936 0.0733215 0.0718944 0.0112652
12 0 12883 805 0.529809 0.531755 0.0810188 0.0694452 0.0112652
12 0 12883 806 0.528111 0.528973 0.0710722 0.0659878 0.0112652
12 0 12883 807 0.527808 0.528875 0.0754704 0.0669561 0.0112652
12 0 12883 808 0.531665 0.530091 0.0784058 0.0709158 0.0112652
12 0 12883 809 0.527932 0.530389 0.074299 0.0664922 0.0112652
12 0 12883 810 0.529146 0.52949 0.0737223 0.0713562 0.0112652
12 0 12883 811 0.530765 0.530201 0.078014 0.0681021 0.0112652
12 0 12883 812 0.527936 0.528414 0.0733304 0.0679906 0.0112652
12 0 12883 813 0.530223 0.529197 0.0767055 0.0690837 0.0112652
12 0 12883 814 0.528661 0.533243 0.0716263 0.0725085 0.0112652
12 0 12883 815 0.527954 0.52977 0.0761847 0.0682431 0.0112652
12 0 12883 816 0.529078 0.53032 0.0760176 0.070911 0.0112652
12 0 12883 817 0.527986 0.529363 0.0749554 0.0697109 0.0112652
12 0 12883 818 0.52834 0.528683 0.0742825 0.0650592 0.0112652
12 0 12883 819 0.531326 0.530421 0.0772423 0.0682478 0.0112652
12 0 12883 820 0.530609 0.532338 0.0771913 0.0722928 0.0112652
12 0 12883 821 0.530393 0.531987 0.0749009 0.0697029 0.0112652
12 0 12883 822 0.53106 0.530933 0.0792246 0.070077 0.0112652
12 0 12883 823 0.530164 0.528482 0.0795479 0.0658304 0.0112652
12 0 12883 824 0.531631 0.532821 0.0762876 0.0726756 0.0112652
12 0 12883 825 0.529654 0.53058 0.0753378 0.0689665 0.0112652
12 0 12883 826 0.528464 0.527383 0.0760586 0.064764 0.0112652
12 0 12883 827 0.527905 0.531127 0.0729866 0.0694615 0.0112652
12 0 12883 828 0.527406 0.531197 0.0733605 0.0715363 0.0112652
12 0 12883 829 0.528607 0.530567 0.0739935 0.0656172 0.0112652
12 0 12883 830 0.529914 0.533212 0.0769786 0.0700023 0.0112652
12 0 12883 831 0.529498 0.531773 0.0788342 0.0706233 0.0112652
12 0 12883 832 0.528873 0.531097 0.0768894 0.0698651 0.0112652
12 0 12883 833 0.530761 0.528928 0.0810339 0.0667192 0.0112652
12 0 12883 834 0.531518 0.529866 0.0796033 0.067172 0.0112652
12 0 12883 835 0.529325 0.531193 0.0763812 0.0708046 0.0112652
12 0 12883 836 0.527862 0.528601 0.0702127 0.0679914 0.0112652
12 0 12883 837 0.529177 0.528909 0.0750056 0.0675927 0.0112652
12 0 12883 838 0.528493 0.527771 0.0743791 0.0664371 0.0112652
12 0 12883 839 0.529587 0.531516 0.0776018 0.0690442 0.0112652
12 0 12883 840 0.52847 0.528715 0.0756084 0.0654475 0.0112652
12 0 12883 841 0.529304 0.528635 0.073821 0.0673303 0.0112652
12 0 12883 842 0.529326 0.529333 0.0761045 0.0649436 0.0112652
12 0 12883 843 0.528997 0.530753 0.0754828 0.0657167 0.0112652
12 0 12883 844 0.530665 0.530398 0.0789557 0.0736149 0.0112652
12 0 12883 845 0.529306 0.532227 0.0768747 0.0703681 0.0112652
12 0 12883 846 0.530025 0.531744 0.0792073 0.0672228 0.0112652
12 0 12883 847 0.529546 0.528706 0.0797272 0.0676343 0.0112652
12 0 12883 848 0.531518 0.529481 0.0796124 0.0700881 0.0112652
12 0 12883 849 0.530028 0.528451 0.0785134 0.0689565 0.0112652
12 0 12883 850 0.530324 0.529181 0.0784977 0.068539 0.0112652
12 0 12883 851 0.529198 0.529665 0.0765899 0.0665925 0.0112652
12 0 12883 852 0.528632 0.53085 0.074148 0.0681772 0.0112652
12 0 12883 853 0.531008 0.529144 0.0778084 0.0691049 0.0112652
12 0 12883 854 0.527682 0.530315 0.072037 0.0695799 0.0112652
12 0 12883 855 0.532979 0.531387 0.078275 0.0709995 0.0112652
12 0 12883 856 0.530804 0.531688 0.0772134 0.0709144 0.0112652
12 0 12883 857 0.52909 0.530608 0.0746769 0.0717226 0.0112652
12 0 12883 858 0.529942 0.532013 0.077441 0.0685057 0.0112652
12 0 12883 859 0.52944 0.528892 0.077082 0.0672569 0.0112652
12 0 12883 860 0.529897 0.534087 0.0749229 0.0720274 0.0112652
12 0 12883 861 0.528902 0.52993 0.0739435 0.0691749 0.0112652
12 0 12883 862 0.528912 0.530999 0.0771118 0.0737204 0.0112652
12 0 12883 863 0.53163 0.531651 0.0778497 0.0712215 0.0112652
12 0 12883 864 0.529944 0.528869 0.0738227 0.068278 0.0112652
12 0 12883 865 0.528015 0.528228 0.0735977 0.0689599 0.0112652
12 0 12883 866 0.527694 0.526491 0.0735689 0.0668002 0.0112652
12 0 12883 867 0.53188 0.529559 0.0780242 0.0674649 0.0112652
12 0 12883 868 0.528384 0.530755 0.0712127 0.070272 0.0112652
12 0 12883 869 0.528179 0.531266 0.0737737 0.0670247 0.0112652
12 0 12883 870 0.530378 0.531957 0.0753756 0.0723924 0.0112652
12 0 12883 871 0.529517 0.529857 0.0757054 0.0666468 0.0112652
12 0 12883 872 0.529529 0.528841 0.0770824 0.0679041 0.0112652
12 0 12883 873 0.529513 0.530034 0.076827 0.0685329 0.0112652
12 0 12883 874 0.530304 0.52888 0.0797691 0.0679344 0.0112652
12 0 12883 875 0.528895 0.530241 0.0748607 0.0710239 0.0112652
12 0 12883 876 0.529921 0.530256 0.0783977 0.0699521 0.0112652
12 0 12883 877 0.529735 0.52883 0.0756808 0.0666761 0.0112652
12 0 12883 878 0.528487 0.531144 0.0764818 0.0680773 0.0112652
12 0 12883 879 0.530222 0.530542 0.078269 0.0676575 0.0112652
12 0 12883 880 0.531405 0.529823 0.0787304 0.0729762 0.0112652
12 0 12883 881 0.528944 0.531422 0.0738325 0.0713106 0.0112652
12 0 12883 882 0.529424 0.52997 0.0782409 0.0696285 0.0112652
12 0 12883 883 0.530089 0.53067 0.0758451 0.066361 0.0112652
12 0 12883 884 0.526555 0.531166 0.0717704 0.070562 0.0112652
12 0 12883 885 0.528002 0.528869 0.0738461 0.0674464 0.0112652
12 0 12883 886 0.528954 0.530645 0.0781881 0.0695383 0.0112652
12 0 12883 887 0.529153 0.532311 0.0757293 0.0727797 0.0112652
12 0 12883 888 0.529617 0.530143 0.0788015 0.0699434 0.0112652
12 0 12883 889 0.529309 0.530909 0.0749544 0.0711986 0.0112652
12 0 12883 890 0.529075 0.53013 0.0758441 0.067006 0.0112652
12 0 12883 891 0.529624 0.530373 0.0780004 0.0676161 0.0112652
12 0 12883 892 0.527577 0.529893 0.071375 0.0691096 0.0112652
12 0 12883 893 0.529211 0.530794 0.0736119 0.0693664 0.0112652
12 0 12883 894 0.528929 0.530403 0.0752951 0.0700307 0.0112652
12 0 12883 895 0.530783 0.527891 0.0781341 0.0678683 0.0112652
12 0 12883 896 0.529017 0.526458 0.0764529 0.065529 0.0112652
12 0 12883 897 0.527336 0.529049 0.0734892 0.0677527 0.0112652
12 0 12883 898 0.530736 0.530332 0.0775105 0.0711627 0.0112652
12 0 12883 899 0.528772 0.529063 0.0742633 0.0675302 0.0112652
12 0 12883 900 0.529851 0.529418 0.0780089 0.0698426 0.0112652
12 0 12883 901 0.528961 0.5298 0.0731871 0.0675584 0.0112652
12 0 12883 902 0.528975 0.529949 0.0745286 0.0675869 0.0112652
12 0 12883 903 0.530512 0.530433 0.0764039 0.070444 0.0112652
12 0 12883 904 0.530158 0.529854 0.0784846 0.0704564 0.0112652
12 0 12883 905 0.527839 0.528359 0.0733966 0.0675203 0.0112652
12 0 12883 906 0.528155 0.52957 0.0755198 0.0704463 0.0112652
12 0 12883 907 0.530565 0.533054 0.0799589 0.0687507 0.0112652
12 0 12883 908 0.529963 0.531346 0.0768462 0.0704891 0.0112652
12 0 12883 909 0.528806 0.529932 0.0732333 0.0696134 0.0112652
12 0 12883 910 0.531382 0.529054 0.07972 0.0674406 0.0112652
12 0 12883 911 0.529174 0.530252 0.0766448 0.065811 0.0112652
12 0 12883 912 0.530212 0.530375 0.077013 0.0688337 0.0112652
12 0 12883 913 0.530896 0.529037 0.0780667 0.0683502 0.0112652
12 0 12883 914 0.529774 0.530466 0.0751257 0.0689454 0.0112652
12 0 12883 915 0.530487 0.529181 0.0773915 0.071044 0.0112652
12 0 12883 916 0.529426 0.530104 0.0755733 0.0673604 0.0112652
12 0 12883 917 0.530378 0.528524 0.077283 0.067654 0.0112652
12 0 12883 918 0.529046 0.530432 0.074052 0.0714299 0.0112652
12 0 12883 919 0.528142 0.529126 0.0759561 0.0692944 0.0112652
12 0 12883 920 0.52882 0.533753 0.074847 0.0730289 0.0112652
12 0 12883 921 0.528163 0.528664 0.0725539 0.0706761 0.0112652
12 0 12883 922 0.530003 0.529402 0.075712 0.0693759 0.0112652
12 0 12883 923 0.529825 0.529351 0.077981 0.0672735 0.0112652
12 0 12883 924 0.529993 0.531762 0.0749316 0.073169 0.0112652
12 0 12883 925 0.528596 0.53034 0.07633 0.0700336 0.0112652
12 0 12883 926 0.529745 0.528639 0.075578 0.0694655 0.0112652
12 0 12883 927 0.53169 0.530503 0.076727 0.0715819 0.0112652
12 0 12883 928 0.529929 0.531299 0.0774829 0.0707168 0.0112652
12 0 12883 929 0.528297 0.530407 0.0739222 0.0693935 0.0112652
12 0 12883 930 0.530294 0.529342 0.0785492 0.0667462 0.0112652
12 0 12883 931 0.529831 0.532928 0.0745393 0.0727588 0.0112652
12 0 12883 932 0.529857 0.532614 0.0745717 0.0743303 0.0112652
12 0 12883 933 0.530234 0.531856 0.0779442 0.0670425 0.0112652
12 0 12883 934 0.528644 0.528841 0.0760368 0.067361 0.0112652
12 0 12883 935 0.53117 0.527724 0.0774757 0.0659889 0.0112652
12 0 12883 936 0.529149 0.531989 0.0761678 0.0735434 0.0112652
12 0 12883 937 0.529453 0.531002 0.0769553 0.0713762 0.0112652
12 0 12883 938 0.529634 0.530349 0.0775655 0.0707743 0.0112652
12 0 12883 939 0.529478 0.530311 0.0767244 0.067632 0.0112652
12 0 12883 940 0.528522 0.529767 0.0740876 0.0689043 0.0112652
12 0 12883 941 0.528963 0.530006 0.0764739 0.0669409 0.0112652
12 0 12883 942 0.531353 0.531002 0.0798404 0.0703985 0.0112652
12 0 12883 943 0.529316 0.529491 0.0759912 0.0716215 0.0112652
12 0 12883 944 0.529474 0.52868 0.0735871 0.0692417 0.0112652
12 0 12883 945 0.530868 0.52978 0.0765023 0.0688371 0.0112652
12 0 12883 946 0.529203 0.528765 0.0758465 0.0675206 0.0112652
12 0 12883 947 0.530825 0.532591 0.0755211 0.072902 0.0112652
12 0 12883 948 0.530023 0.530795 0.0772475 0.0717067 0.0112652
12 0 12883 949 0.529137 0.527802 0.0742086 0.0667844 0.0112652
12 0 12883 950 0.528186 0.529753 0.0733097 0.0695278 0.0112652
12 0 12883 951 0.529434 0.530082 0.0771413 0.0683499 0.0112652
12 0 12883 952 0.529007 0.533088 0.0763691 0.0733383 0.0112652
12 0 12883 953 0.531886 0.529868 0.0781446 0.0709172 0.0112652
12 0 12883 954 0.528797 0.530443 0.0725006 0.0714814 0.0112652
12 0 12883 955 0.530159 0.530323 0.0775722 0.069434 0.0112652
12 0 12883 956 0.529462 0.531426 0.0758568 0.070483 0.0112652
12 0 12883 957 0.528417 0.528685 0.075083 0.0669659 0.0112652
12 0 12883 958 0.529641 0.529893 0.0762708 0.0694054 0.0112652
12 0 12883 959 0.530885 0.529806 0.0761217 0.0694894 0.0112652
12 0 12883 960 0.529218 0.530226 0.0767823 0.0701413 0.0112652
12 0 12883 961 0.527581 0.53167 0.0767592 0.0697074 0.0112652
12 0 12883 962 0.529607 0.529191 0.0763187 0.0650394 0.0112652
12 0 12883 963 0.52944 0.529651 0.0756628 0.0686672 0.0112652
12 0 12883 964 0.529365 0.530506 0.0765885 0.0689175 0.0112652
12 0 12883 965 0.528485 0.529939 0.0755184 0.0692401 0.0112652
12 0 12883 966 0.527817 0.52917 0.0726823 0.0699384 0.0112652
12 0 12883 967 0.530151 0.530139 0.0743688 0.0664181 0.0112652
12 0 12883 968 0.52928 0.527822 0.0766313 0.0655216 0.0112652
12 0 12883 969 0.528689 0.530103 0.0747111 0.0680245 0.0112652
12 0 12883 970 0.53045 0.529297 0.0770365 0.0694165 0.0112652
12 0 12883 971 0.527845 0.529895 0.0721931 0.0667726 0.0112652
12 0 12883 972 0.529261 0.528223 0.075718 0.0680791 0.0112652
12 0 12883 973 0.530655 0.531554 0.0784748 0.0692051 0.0112652
12 0 12883 974 0.529808 0.530248 0.0765451 0.0692008 0.0112652
12 0 12883 975 0.529394 0.530198 0.0771042 0.0687754 0.0112652
12 0 12883 976 0.528342 0.528569 0.0742172 0.0684065 0.0112652
12 0 12883 977 0.529965 0.529337 0.0761692 0.0694495 0.0112652
12 0 12883 978 0.527925 0.531503 0.0728313 0.0694523 0.0112652
12 0 12883 979 0.531017 0.531416 0.07792 0.0736957 0.0112652
12 0 12883 980 0.53074 0.529542 0.0788181 0.0694551 0.0112652
12 0 12883 981 0.531467 0.529552 0.08016 0.0685402 0.0112652
12 0 12883 982 0.529841 0.528618 0.0775468 0.0680803 0.0112652
12 0 12883 983 0.528886 0.530197 0.0746902 0.0667947 0.0112652
12 0 12883 984 0.531651 0.530677 0.0787401 0.0679776 0.0112652
12 0 12883 985 0.528816 0.530173 0.0771469 0.0693501 0.0112652
12 0 12883 986 0.529757 0.53069 0.0767041 0.0681056 0.0112652
12 0 12883 987 0.529534 0.529453 0.0747217 0.0699067 0.0112652
12 0 12883 988 0.529712 0.529125 0.0736468 0.0651253 0.0112652
12 0 12883 989 0.52927 0.527791 0.0737391 0.069583 0.0112652
12 0 12883 990 0.53048 0.530656 0.0752642 0.0697181 0.0112652
12 0 12883 991 0.528145 0.529081 0.0762415 0.0681846 0.0112652
12 0 12883 992 0.531901 0.529901 0.0798601 0.0667077 0.0112652
12 0 12883 993 0.529384 0.532126 0.0758685 0.0705534 0.0112652
12 0 12883 994 0.527905 0.531544 0.0740742 0.0685007 0.0112652
12 0 12883 995 0.529242 0.531168 0.0764915 0.0694437 0.0112652
12 0 12883 996 0.531478 0.531377 0.0782221 0.0704745 0.0112652
12 0 12883 997 0.528376 0.530139 0.0781153 0.0713087 0.0112652
12 0 12883 998 0.529545 0.528953 0.0782066 0.0675292 0.0112652
12 0 12883 999 0.529592 0.529569 0.0757949 0.0686236 0.0112652