13 0 0 5120.86 53650.7
13 1 1381 2306.89 23823
13 2 2776 1483.84 15105.9
13 3 4173 1068.15 10855.3
13 4 5568 821.821 8334.9
13 5 6959 659.192 6698.41
13 6 8352 544.118 5535.53
13 7 9741 461.036 4705.06
13 8 11130 394.671 4040.87
13 9 12516 340.876 3503.18
13 10 13902 298.726 3088.36
13 11 15288 263.793 2743.52
13 12 16671 234.63 2455.11
13 13 18055 210.351 2211.32
13 14 19436 189.972 2006.71
13 15 20816 172.827 1834.35
13 16 22197 158.235 1685.91
13 17 23578 145.785 1556.75
13 18 24957 134.691 1441.15
13 19 26335 124.65 1335.86
13 20 27715 115.619 1241.85
13 21 29091 107.527 1156.05
13 22 30467 100.292 1080.45
13 23 31844 93.7269 1012.42
13 24 33219 87.7586 949.899
13 25 34595 82.4294 893.897
13 26 35970 77.4677 841.955
13 27 37343 72.9088 793.482
13 28 38714 68.751 749.36
13 29 40085 64.9174 708.523
13 30 41460 61.4309 671.276
13 31 42832 58.1329 636.241
13 32 44204 55.0759 603.623
13 33 45576 52.209 572.868
13 34 46949 49.5778 544.493
13 35 48320 47.1063 517.909
13 36 49690 44.8181 493.295
13 37 51063 42.6675 470.103
13 38 52432 40.7226 449.029
13 39 53801 38.9154 429.471
13 40 55170 37.216 410.917
13 41 56538 35.6056 393.347
13 42 57906 34.0849 376.723
13 43 59277 32.6548 361.031
13 44 60646 31.3027 346.293
13 45 62012 30.0168 332.052
13 46 63378 28.7792 318.498
13 47 64747 27.6307 305.86
13 48 66114 26.5403 293.885
13 49 67480 25.5242 282.682
13 50 68845 24.5614 272.037
13 51 70213 23.6311 261.754
13 52 71580 22.7145 251.691
13 53 72947 21.8291 241.987
13 54 74316 20.9761 232.661
13 55 75687 20.1696 223.793
13 56 77060 19.4045 215.354
13 57 78431 18.6831 207.425
13 58 79803 17.9998 199.857
13 59 81172 17.3427 192.567
13 60 82541 16.7183 185.72
13 61 83912 16.1228 179.153
13 62 85282 15.549 172.81
13 63 86652 14.9859 166.638
13 64 88022 14.4452 160.698
13 65 89395 13.9336 155.069
13 66 90767 13.4558 149.779
13 67 92134 12.9998 144.711
13 68 93502 12.5715 139.993
13 69 94871 12.1331 135.238
13 70 96238 11.7186 130.741
13 71 97604 11.3162 126.347
13 72 98972 10.9302 122.077
13 73 100338 10.5616 118.006
13 74 101704 10.2086 114.094
13 75 103073 9.87027 110.341
13 76 104440 9.54307 106.744
13 77 105807 9.22546 103.245
13 78 107174 8.92114 99.8809
13 79 108543 8.62678 96.6392
13 80 109911 8.35096 93.5828
13 81 111277 8.08456 90.6189
13 82 112647 7.82958 87.7847
13 83 114013 7.58146 85.0372
13 84 115378 7.34387 82.3707
13 85 116743 7.10786 79.7349
13 86 118109 6.88458 77.2189
13 87 119476 6.67349 74.8429
13 88 120842 6.46957 72.5306
13 89 122209 6.27372 70.3052
13 90 123574 6.08101 68.1707
13 91 124940 5.89557 66.1033
13 92 126307 5.71979 64.144
13 93 127674 5.54614 62.192
13 94 129041 5.38177 60.3394
13 95 130412 5.22264 58.5442
13 96 131785 5.06364 56.749
13 97 133156 4.91542 55.0821
13 98 134527 4.77547 53.4975
13 99 135900 4.63659 51.9377
13 100 137270 4.50451 50.4516
14 0 0 5120.86 53650.7
14 1 1437 2258.18 23368.9
14 2 2852 1458.54 14920.1
14 3 4249 1013.37 10306.4
14 4 5637 752.482 7680.94
14 5 7020 579.865 5959.98
14 6 8402 465.804 4829.9
14 7 9778 385.417 4032.84
14 8 11150 323.356 3412.8
14 9 12520 276.676 2943.06
14 10 13895 241.678 2592.74
14 11 15260 213.887 2310.92
14 12 16628 190.996 2075.71
14 13 17993 172.001 1879.88
14 14 19359 156.231 1715.21
14 15 20724 142.758 1574.31
14 16 22089 131.157 1452.35
14 17 23460 120.74 1342.31
14 18 24826 111.388 1241.28
14 19 26191 103.154 1152.28
14 20 27553 95.9514 1074.13
14 21 28916 89.2903 1000.97
14 22 30281 83.021 932.128
14 23 31672 77.2725 868.429
14 24 33046 71.9889 810.301
14 25 34409 67.1463 756.848
14 26 35768 62.6887 707.743
14 27 37129 58.7109 663.529
14 28 38489 55.0574 622.627
14 29 39848 51.6878 585.231
14 30 41207 48.6527 550.9
14 31 42565 45.7914 519.087
14 32 43924 43.2053 490.009
14 33 45281 40.7591 462.723
14 34 46637 38.4642 437.204
14 35 47994 36.3371 413.361
14 36 49349 34.4305 391.916
14 37 50704 32.7235 372.845
14 38 52062 31.1654 355.243
14 39 53415 29.7237 339.183
14 40 54767 28.3801 323.885
14 41 56120 27.1572 309.98
14 42 57473 25.9916 296.795
14 43 58826 24.8694 284.028
14 44 60178 23.8033 271.943
14 45 61531 22.81 260.74
14 46 62884 21.8684 250.129
14 47 64235 20.9599 239.831
14 48 65587 20.1056 230.12
14 49 66940 19.2825 220.798
14 50 68291 18.4876 211.807
14 51 69645 17.7432 203.364
14 52 70998 17.0205 195.151
14 53 72350 16.3327 187.348
14 54 73702 15.6759 179.865
14 55 75056 15.0833 173.054
14 56 76407 14.527 166.684
14 57 77762 14.0022 160.619
14 58 79115 13.4871 154.735
14 59 80465 12.9952 149.104
14 60 81816 12.5332 143.803
14 61 83166 12.0989 138.824
14 62 84516 11.6725 133.938
14 63 85876 11.2603 129.237
14 64 87245 10.8699 124.736
14 65 88596 10.4896 120.402
14 66 89946 10.1266 116.245
14 67 91295 9.77857 112.222
14 68 92644 9.44554 108.4
14 69 93994 9.13078 104.769
14 70 95344 8.83155 101.301
14 71 96696 8.54151 98.0162
14 72 98045 8.26127 94.8125
14 73 99394 7.99573 91.7702
14 74 100743 7.74256 88.8727
14 75 102092 7.50293 86.1165
14 76 103442 7.27269 83.4779
14 77 104793 7.05252 80.927
14 78 106143 6.83623 78.4695
14 79 107495 6.62776 76.0987
14 80 108846 6.42457 73.7634
14 81 110196 6.22939 71.5551
14 82 111546 6.04138 69.4318
14 83 112896 5.86048 67.405
14 84 114251 5.68637 65.4408
14 85 115600 5.51681 63.5264
14 86 116950 5.35571 61.6937
14 87 118299 5.1997 59.9016
14 88 119647 5.04717 58.1564
14 89 120995 4.90229 56.4597
14 90 122344 4.76304 54.8299
14 91 123695 4.63095 53.2804
14 92 125050 4.5069 51.8118
14 93 126406 4.38492 50.3856
14 94 127756 4.26819 49.0349
14 95 129105 4.15343 47.7113
14 96 130454 4.04248 46.4393
14 97 131806 3.93498 45.2133
14 98 133164 3.83383 44.0784
14 99 134529 3.73375 42.9507
14 100 135876 3.63855 41.8838
15 0 0 5120.86 53650.7
15 1 1420 1869.31 19231.2
15 2 2827 1107.89 11138.7
15 3 4227 745.516 7463.03
15 4 5624 548.658 5529.57
15 5 7021 417.834 4240.77
15 6 8413 330.518 3388.23
15 7 9802 273.689 2826.65
15 8 11188 231.324 2412.04
15 9 12570 199.142 2096.71
15 10 13952 174.348 1848.98
15 11 15333 154.672 1652.08
15 12 16715 138.39 1487.37
15 13 18097 124.178 1343.04
15 14 19478 112.195 1220.43
15 15 20858 102.326 1117.48
15 16 22238 93.6119 1026.61
15 17 23619 85.8473 945.551
15 18 24999 78.9801 873.488
15 19 26377 72.8016 807.325
15 20 27754 67.3621 748.821
15 21 29127 62.5697 696.264
15 22 30501 58.2351 648.259
15 23 31877 54.2855 604.317
15 24 33254 50.6062 563.863
15 25 34630 47.3422 527.98
15 26 36007 44.4646 496.404
15 27 37386 41.9117 468.167
15 28 38766 39.5191 441.913
15 29 40148 37.2822 417.353
15 30 41532 35.2901 395.081
15 31 42919 33.4372 374.352
15 32 44305 31.7125 355
15 33 45693 30.098 336.811
15 34 47084 28.5756 319.63
15 35 48473 27.1491 303.626
15 36 49859 25.8143 288.685
15 37 51245 24.5551 274.66
15 38 52631 23.3394 261.15
15 39 54017 22.1895 248.339
15 40 55403 21.1129 236.341
15 41 56791 20.1027 225.11
15 42 58177 19.1626 214.556
15 43 59563 18.2827 204.61
15 44 60951 17.4728 195.467
15 45 62336 16.704 186.909
15 46 63721 15.993 178.896
15 47 65107 15.3039 171.095
15 48 66496 14.6486 163.667
15 49 67885 14.0332 156.687
15 50 69275 13.4416 150.046
15 51 70667 12.873 143.689
15 52 72059 12.3428 137.711
15 53 73451 11.8398 132.024
15 54 74841 11.3611 126.623
15 55 76232 10.8963 121.497
15 56 77619 10.4598 116.662
15 57 79006 10.0537 112.134
15 58 80393 9.67028 107.885
15 59 81777 9.30913 103.875
15 60 83161 8.96982 100.057
15 61 84546 8.64457 96.4345
15 62 85931 8.33809 93.013
15 63 87316 8.04708 89.7786
15 64 88700 7.76505 86.6593
15 65 90085 7.48667 83.6055
15 66 91468 7.21632 80.636
15 67 92852 6.95772 77.7802
15 68 94238 6.71367 75.0798
15 69 95624 6.47967 72.4937
15 70 97011 6.25935 70.0283
15 71 98396 6.04378 67.6413
15 72 99782 5.84189 65.4418
15 73 101167 5.64725 63.2541
15 74 102550 5.4597 61.1352
15 75 103935 5.27986 59.1226
15 76 105319 5.10577 57.1675
15 77 106703 4.94092 55.3021
15 78 108086 4.784 53.5391
15 79 109470 4.633 51.8492
15 80 110853 4.487 50.229
15 81 112236 4.34806 48.6587
15 82 113621 4.21213 47.1626
15 83 115003 4.08426 45.7163
15 84 116385 3.96156 44.3233
15 85 117769 3.84474 42.9843
15 86 119152 3.73334 41.7244
15 87 120541 3.62787 40.5313
15 88 121925 3.52357 39.3404
15 89 123311 3.42306 38.2059
15 90 124695 3.3256 37.1066
15 91 126078 3.2318 36.0603
15 92 127463 3.14097 35.0566
15 93 128847 3.05129 34.0772
15 94 130231 2.96646 33.1486
15 95 131615 2.88653 32.2626
15 96 133002 2.80794 31.3977
15 97 134387 2.73385 30.5607
15 98 135773 2.66472 29.7727
15 99 137161 2.59591 28.9934
15 100 138548 2.52949 28.2494