15 0 0 5120.86 53650.7
15 1 1702 380.271 4031.64
15 2 3490 221.532 2436.29
15 3 5268 152.16 1698.81
15 4 7041 116.009 1310.27
15 5 8819 92.1382 1034.6
15 6 10597 74.4925 834.135
15 7 12375 60.7319 685.47
15 8 14145 50.7965 571.866
15 9 15918 42.7578 482.626
15 10 17691 36.2352 410.382
15 11 19459 30.6498 348.416
15 12 21228 26.0086 296.303
15 13 22999 22.1719 253.006
15 14 24774 18.855 215.748
15 15 26555 16.0365 184.375
15 16 28327 13.8367 159.276
15 17 30100 12.0597 139.329
15 18 31874 10.5343 121.816
15 19 33649 9.21253 106.462
15 20 35430 8.08716 93.4626
15 21 37207 7.11391 82.2082
15 22 38988 6.27184 72.5479
15 23 40774 5.53296 64.3147
15 24 42555 4.8555 56.8019
15 25 44341 4.2854 50.2872
15 26 46127 3.79417 44.497
15 27 47905 3.37148 39.6053
15 28 49688 3.03147 35.6761
15 29 51464 2.7264 32.0894
15 30 53247 2.45257 28.9223
15 31 55034 2.2139 26.1157
15 32 56817 2.00458 23.62
15 33 58609 1.81498 21.4097
15 34 60399 1.65376 19.5112
15 35 62189 1.50931 17.82
15 36 63975 1.3496 15.9711
15 37 65757 1.20714 14.3122
15 38 67536 1.08657 12.8891
15 39 69315 0.977209 11.6157
15 40 71094 0.875247 10.4635
15 41 72872 0.787276 9.39293
15 42 74648 0.716738 8.53349
15 43 76426 0.653404 7.76842
15 44 78207 0.598243 7.0834
15 45 79985 0.549198 6.49446