0 0 0 5120.86 53650.7
0 1 947 7.0262e-05 0.000859508
0 2 1903 1.23012e-08 1.43679e-07
0 3 2857 3.84783e-12 4.37111e-11
0 4 3811 1.24813e-15 1.41833e-14
0 5 4765 4.03584e-19 4.59766e-18
0 6 5740 1.31917e-22 1.50621e-21
0 7 6694 1.04277e-24 1.21078e-23
0 8 7648 9.99307e-25 1.15575e-23
0 9 8602 1.00397e-24 1.1617e-23
0 10 9558 9.99609e-25 1.15861e-23
0 11 10513 9.98812e-25 1.16164e-23
0 12 11467 9.98962e-25 1.16052e-23
0 13 12421 9.99391e-25 1.15713e-23
0 14 13375 1.00059e-24 1.16158e-23
0 15 14329 9.99822e-25 1.15926e-23
0 16 15283 9.99078e-25 1.15608e-23
0 17 16237 1.00167e-24 1.15151e-23
0 18 17191 1.00091e-24 1.15143e-23
0 19 18145 9.9912e-25 1.15776e-23
0 20 19167 9.99849e-25 1.16961e-23
0 21 20121 9.99626e-25 1.15417e-23
0 22 21075 9.96287e-25 1.15353e-23
0 23 22029 1.0006e-24 1.16896e-23
0 24 22983 1.00014e-24 1.16333e-23
0 25 23937 1.00026e-24 1.16492e-23
0 26 24891 1.00139e-24 1.16667e-23
0 27 25845 1.00019e-24 1.16094e-23
0 28 26799 1.00058e-24 1.16171e-23
0 29 27774 1.00059e-24 1.15283e-23
0 30 28728 9.99422e-25 1.16667e-23
0 31 29682 9.99957e-25 1.15641e-23
0 32 30636 9.98443e-25 1.15564e-23
0 33 31590 9.99055e-25 1.169e-23
0 34 32544 9.98538e-25 1.16059e-23
0 35 33498 9.97882e-25 1.16087e-23
0 36 34452 1.00216e-24 1.16632e-23
0 37 35406 9.99127e-25 1.16085e-23
0 38 36360 9.99136e-25 1.16566e-23
0 39 37315 9.99652e-25 1.15288e-23
0 40 38269 1.0004e-24 1.15736e-23
0 41 39223 1.00117e-24 1.16909e-23
0 42 40177 1.00072e-24 1.16266e-23
0 43 41131 1.00033e-24 1.15786e-23
0 44 42085 1.00014e-24 1.15492e-23
0 45 43039 1.001e-24 1.1649e-23
0 46 43993 1.00222e-24 1.15975e-23
0 47 44947 1.00091e-24 1.1651e-23
0 48 45901 9.99932e-25 1.16864e-23
0 49 46855 1.00215e-24 1.17324e-23
0 50 47809 9.99222e-25 1.15667e-23
0 51 48763 9.99691e-25 1.15426e-23
0 52 49717 9.99838e-25 1.16466e-23
0 53 50671 9.99635e-25 1.15271e-23
0 54 51625 1.00075e-24 1.16373e-23
0 55 52580 9.99253e-25 1.15248e-23
0 56 53560 9.97311e-25 1.16003e-23
0 57 54514 1.00074e-24 1.14588e-23
0 58 55468 9.9865e-25 1.16041e-23
0 59 56422 9.98606e-25 1.16402e-23
0 60 57376 1.00191e-24 1.1532e-23
0 61 58330 1.00048e-24 1.15473e-23
0 62 59284 9.99153e-25 1.17076e-23
0 63 60238 9.98784e-25 1.16425e-23
0 64 61193 9.99422e-25 1.16594e-23
0 65 62147 9.99505e-25 1.14957e-23
0 66 63101 1.003e-24 1.15383e-23
0 67 64055 1.00259e-24 1.17257e-23
0 68 65009 9.98434e-25 1.1704e-23
0 69 65963 1.0011e-24 1.16091e-23
0 70 66917 9.97518e-25 1.15516e-23
0 71 67871 1.00092e-24 1.17034e-23
0 72 68825 9.99263e-25 1.1499e-23
0 73 69780 1.00032e-24 1.16394e-23
0 74 70755 9.98532e-25 1.14854e-23
0 75 71709 1.00164e-24 1.17105e-23
0 76 72663 9.99788e-25 1.1628e-23
0 77 73617 9.98201e-25 1.15475e-23
0 78 74571 9.99591e-25 1.1602e-23
0 79 75525 1.00014e-24 1.15516e-23
0 80 76479 9.99467e-25 1.15703e-23
0 81 77433 9.99351e-25 1.15985e-23
0 82 78388 9.99075e-25 1.16166e-23
0 83 79342 9.99798e-25 1.16079e-23
0 84 80296 9.98443e-25 1.16424e-23
0 85 81250 1.00085e-24 1.16318e-23
0 86 82204 9.99393e-25 1.16084e-23
0 87 83158 1.00076e-24 1.15524e-23
0 88 84112 9.98405e-25 1.15665e-23
0 89 85066 1.00272e-24 1.16592e-23
0 90 86020 9.99623e-25 1.16266e-23
0 91 86975 1.00068e-24 1.16286e-23
0 92 87931 1.00002e-24 1.17884e-23
0 93 88885 9.97677e-25 1.15057e-23
0 94 89839 9.997e-25 1.1589e-23
0 95 90793 9.97995e-25 1.15416e-23
0 96 91747 1.00361e-24 1.16877e-23
0 97 92701 1.00033e-24 1.16585e-23
0 98 93655 9.99778e-25 1.17524e-23
0 99 94609 1.00073e-24 1.15821e-23
0 100 95564 9.99777e-25 1.16706e-23