13 0 0 5120.86 53650.7
13 1 1758 813.96 8404.84
13 2 3603 581.8 6039.5
13 3 5438 459.478 4788.98
13 4 7271 378.537 3973.99
13 5 9111 313.522 3312.43
13 6 10952 263.973 2802.67
13 7 12780 225.199 2405.2
13 8 14602 195.764 2099.75
13 9 16424 172.109 1854.64
13 10 18247 152.155 1644.54
13 11 20066 135.924 1474.59
13 12 21883 122.722 1333.73
13 13 23700 110.86 1205.48
13 14 25519 100.458 1093.54
13 15 27336 91.226 993.927
13 16 29152 83.0675 905.941
13 17 30971 75.5962 826.1
13 18 32787 68.9179 754.561
13 19 34603 62.8998 689.951
13 20 36418 57.5505 632.136
13 21 38231 52.8883 581.677
13 22 40045 48.7015 536.324
13 23 41858 44.7819 493.794
13 24 43671 41.2673 455.352
13 25 45485 38.089 420.817
13 26 47296 35.1843 388.595
13 27 49105 32.5473 359.604
13 28 50917 30.1996 333.637
13 29 52730 28.0148 309.828
13 30 54542 26.0084 288.091
13 31 56364 24.1371 267.459
13 32 58185 22.4044 248.448
13 33 60009 20.8049 231.19
13 34 61830 19.3504 215.347
13 35 63767 18.0396 200.977
13 36 65708 16.8261 187.826
13 37 67548 15.7224 175.869
13 38 69429 14.7149 164.91
13 39 71338 13.7511 154.432
13 40 73199 12.8799 144.923
13 41 75082 12.0856 136.187
13 42 76969 11.3475 128.071
13 43 78866 10.6688 120.63
13 44 80758 10.0308 113.541
13 45 82617 9.46727 107.261
13 46 84537 8.91684 101.201
13 47 86392 8.40482 95.5028
13 48 88242 7.9183 90.1406
13 49 90097 7.46809 85.1746
13 50 91985 7.05365 80.6458
13 51 93846 6.66635 76.331
13 52 95691 6.31266 72.308
13 53 97634 5.98039 68.565
13 54 99559 5.66034 64.9736
13 55 101492 5.36038 61.7176
14 0 0 5120.86 53650.7
14 1 1756 682.563 6862.05
14 2 3589 444.604 4537.47
14 3 5416 323.325 3350.93
14 4 7238 250.024 2627.7
14 5 9058 201.964 2147.79
14 6 10874 165.816 1783.76
14 7 12690 139.866 1518.85
14 8 14505 119.287 1302.33
14 9 16320 102.816 1127.45
14 10 18136 89.6185 984.332
14 11 19950 79.0685 869.848
14 12 21763 70.0384 772.779
14 13 23578 62.1482 687.913
14 14 25390 55.4465 615.81
14 15 27202 49.7942 554.091
14 16 29013 44.7554 498.65
14 17 30824 40.2375 448.698
14 18 32637 36.3646 405.782
14 19 34446 32.9926 367.997
14 20 36255 30.018 334.738
14 21 38065 27.3929 305.343
14 22 39872 25.112 279.863
14 23 41679 22.9928 256.238
14 24 43484 21.0978 234.478
14 25 45289 19.3603 214.833
14 26 47095 17.7619 196.824
14 27 48899 16.2866 180.442
14 28 50703 14.9741 165.932
14 29 52508 13.7543 152.478
14 30 54310 12.6667 140.34
14 31 56113 11.6914 129.656
14 32 57917 10.8179 120.099
14 33 59719 10.0283 111.355
14 34 61523 9.275 103.235
14 35 63325 8.59011 95.7938
14 36 65127 7.97828 89.0785
14 37 66931 7.43445 82.9818
14 38 68733 6.92482 77.2772
14 39 70535 6.46174 72.1346
14 40 72338 6.03271 67.481
14 41 74140 5.63788 63.1867
14 42 75944 5.27019 59.1616
14 43 77748 4.9352 55.4603
14 44 79552 4.61898 51.9556
14 45 81357 4.3339 48.8103
14 46 83160 4.06916 45.8808
14 47 84964 3.82376 43.1589
14 48 86770 3.5996 40.6848
14 49 88574 3.3891 38.3253
14 50 90379 3.19194 36.1229
14 51 92182 3.01072 34.0833
14 52 93985 2.84159 32.1981
14 53 95789 2.68785 30.479
14 54 97590 2.54416 28.9037
14 55 99391 2.41218 27.4038
15 0 0 5120.86 53650.7
15 1 1702 380.271 4031.64
15 2 3490 221.532 2436.29
15 3 5268 152.16 1698.81
15 4 7041 116.009 1310.27
15 5 8819 92.1382 1034.6
15 6 10597 74.4925 834.135
15 7 12375 60.7319 685.47
15 8 14145 50.7965 571.866
15 9 15918 42.7578 482.626
15 10 17691 36.2352 410.382
15 11 19459 30.6498 348.416
15 12 21228 26.0086 296.303
15 13 22999 22.1719 253.006
15 14 24774 18.855 215.748
15 15 26555 16.0365 184.375
15 16 28327 13.8367 159.276
15 17 30100 12.0597 139.329
15 18 31874 10.5343 121.816
15 19 33649 9.21253 106.462
15 20 35430 8.08716 93.4626
15 21 37207 7.11391 82.2082
15 22 38988 6.27184 72.5479
15 23 40774 5.53296 64.3147
15 24 42555 4.8555 56.8019
15 25 44341 4.2854 50.2872
15 26 46127 3.79417 44.497
15 27 47905 3.37148 39.6053
15 28 49688 3.03147 35.6761
15 29 51464 2.7264 32.0894
15 30 53247 2.45257 28.9223
15 31 55034 2.2139 26.1157
15 32 56817 2.00458 23.62
15 33 58609 1.81498 21.4097
15 34 60399 1.65376 19.5112
15 35 62189 1.50931 17.82
15 36 63975 1.3496 15.9711
15 37 65757 1.20714 14.3122
15 38 67536 1.08657 12.8891
15 39 69315 0.977209 11.6157
15 40 71094 0.875247 10.4635
15 41 72872 0.787276 9.39293
15 42 74648 0.716738 8.53349
15 43 76426 0.653404 7.76842
15 44 78207 0.598243 7.0834
15 45 79985 0.549198 6.49446
15 46 81765 0.504438 5.97373
15 47 83551 0.462232 5.47498
15 48 85332 0.421515 4.99737
15 49 87113 0.386686 4.59008
15 50 88889 0.353053 4.19982
15 51 90673 0.323613 3.84449
15 52 92454 0.296549 3.5259
15 53 94234 0.272295 3.23252
15 54 96008 0.251019 2.97792
15 55 97784 0.230689 2.73484