15 0 0 5120.86 53650.7
15 1 1336 0.978964 11.8774
15 2 2661 0.0741254 0.913194
15 3 3984 0.0074678 0.0916826
15 4 5310 0.000961233 0.0122855
15 5 6639 0.000141722 0.00186686
15 6 7967 2.59458e-05 0.000343022
15 7 9301 4.30328e-06 5.69425e-05
15 8 10633 7.39952e-07 9.75888e-06
15 9 11967 1.50061e-07 1.93504e-06
15 10 13303 3.09618e-08 3.90569e-07
15 11 14631 6.0988e-09 7.6444e-08
15 12 15966 1.1765e-09 1.45812e-08
15 13 17298 2.25307e-10 2.80382e-09
15 14 18637 4.62646e-11 5.75306e-10
15 15 19975 9.52049e-12 1.18965e-10
15 16 21311 1.9876e-12 2.44997e-11
15 17 22641 4.02726e-13 4.91047e-12
15 18 23971 8.22417e-14 9.95744e-13
15 19 25290 1.81737e-14 2.19275e-13
15 20 26632 4.08772e-15 4.88876e-14
15 21 27982 7.86535e-16 9.60231e-15
15 22 29339 1.48442e-16 1.80419e-15
15 23 30700 2.85441e-17 3.46061e-16
15 24 32061 5.39689e-18 6.50928e-17
15 25 33431 1.02734e-18 1.22786e-17
15 26 34805 1.97334e-19 2.28921e-18
15 27 36171 3.76903e-20 4.32219e-19
15 28 37534 7.21749e-21 8.40895e-20
15 29 38890 1.48834e-21 1.73948e-20
15 30 40246 3.25046e-22 3.70646e-21
15 31 41609 6.92558e-23 7.80089e-22
15 32 42976 1.51954e-23 1.69535e-22
15 33 44335 3.2892e-24 3.69024e-23
15 34 45678 9.89193e-25 1.11485e-23
15 35 47010 4.0884e-25 4.47587e-24
15 36 48343 2.45226e-25 2.67735e-24
15 37 49663 1.92554e-25 2.12027e-24
15 38 50987 1.47829e-25 1.60846e-24
15 39 52323 1.22166e-25 1.34558e-24
15 40 53661 8.41097e-26 9.46602e-25
15 41 55005 8.35494e-26 9.55616e-25
15 42 56339 7.82596e-26 8.95354e-25
15 43 57668 6.76675e-26 7.7675e-25
15 44 59001 6.39273e-26 7.22442e-25
15 45 60336 6.12589e-26 6.85723e-25
15 46 61666 5.4525e-26 6.26134e-25
15 47 63001 5.44789e-26 6.07424e-25
15 48 64333 4.88361e-26 5.46754e-25
15 49 65662 4.89176e-26 5.49039e-25
15 50 66991 4.36353e-26 4.91744e-25
15 51 68321 4.2606e-26 4.76269e-25
15 52 69661 4.32605e-26 4.8769e-25
15 53 71001 3.89241e-26 4.42182e-25
15 54 72337 3.81932e-26 4.30656e-25
15 55 73678 3.38625e-26 3.85655e-25
15 56 75014 3.3529e-26 3.76166e-25
15 57 76345 3.28635e-26 3.69117e-25
15 58 77682 3.31003e-26 3.73016e-25
15 59 79017 3.28769e-26 3.73387e-25
15 60 80353 2.68675e-26 3.07185e-25
15 61 81696 2.42307e-26 2.74411e-25
15 62 83037 1.51546e-26 1.72369e-25
15 63 84356 1.49489e-26 1.66969e-25
15 64 85685 1.51847e-26 1.70785e-25
15 65 87019 1.5009e-26 1.69799e-25
15 66 88352 1.5183e-26 1.70697e-25
15 67 89686 1.55713e-26 1.72046e-25
15 68 91009 1.37842e-26 1.53036e-25
15 69 92335 1.36279e-26 1.50885e-25
15 70 93661 1.3593e-26 1.52423e-25
15 71 94976 1.36994e-26 1.51896e-25
15 72 96297 1.3528e-26 1.52394e-25
15 73 97623 1.33816e-26 1.51104e-25
15 74 98941 1.36454e-26 1.52385e-25
15 75 100270 1.35965e-26 1.52576e-25
15 76 101589 1.37105e-26 1.51003e-25
15 77 102915 1.3423e-26 1.49451e-25
15 78 104235 1.35159e-26 1.51801e-25
15 79 105553 1.37723e-26 1.53944e-25
15 80 106874 1.36386e-26 1.53955e-25
15 81 108201 1.35225e-26 1.49358e-25
15 82 109521 1.36995e-26 1.53215e-25