15 0 12883 0 0.576031 0.534342 0.0290847 0.113391 0.0122174
15 0 12883 1 0.526645 0.499785 0.0588184 0.0296579 0.0122174
15 0 12883 2 0.608695 0.49122 0.103319 0.0451183 0.0122174
15 0 12883 3 0.555341 0.507136 0.0473546 0.0616118 0.0122174
15 0 12883 4 0.582814 0.52319 0.108097 0.0463566 0.0122174
15 0 12883 5 0.570096 0.539708 0.0635555 0.0913674 0.0122174
15 0 12883 6 0.513478 0.526586 0.0480162 0.0734831 0.0122174
15 0 12883 7 0.545807 0.54748 0.0650252 0.0549724 0.0122174
15 0 12883 8 0.549711 0.516769 0.0518371 0.048088 0.0122174
15 0 12883 9 0.583722 0.560915 0.0829426 0.102105 0.0122174
15 0 12883 10 0.529755 0.53606 0.0740101 0.0816822 0.0122174
15 0 12883 11 0.517328 0.52602 0.0608772 0.0638626 0.0122174
15 0 12883 12 0.521203 0.54474 0.0611258 0.0882337 0.0122174
15 0 12883 13 0.552613 0.535875 0.0687779 0.0740131 0.0122174
15 0 12883 14 0.59777 0.531921 0.082741 0.0374344 0.0122174
15 0 12883 15 0.52404 0.55893 0.0655162 0.103978 0.0122174
15 0 12883 16 0.535064 0.537489 0.0672143 0.0712841 0.0122174
15 0 12883 17 0.576046 0.530187 0.0687166 0.0661386 0.0122174
15 0 12883 18 0.515902 0.532626 0.0645839 0.0649336 0.0122174
15 0 12883 19 0.549295 0.533602 0.0726759 0.050914 0.0122174
15 0 12883 20 0.544821 0.543555 0.0694755 0.0650276 0.0122174
15 0 12883 21 0.548976 0.533172 0.076258 0.0484021 0.0122174
15 0 12883 22 0.551625 0.520036 0.058899 0.0662745 0.0122174
15 0 12883 23 0.567599 0.544477 0.0674475 0.0677348 0.0122174
15 0 12883 24 0.57705 0.536154 0.0905516 0.0735194 0.0122174
15 0 12883 25 0.557612 0.536791 0.0724554 0.0672642 0.0122174
15 0 12883 26 0.536822 0.534373 0.083264 0.0748102 0.0122174
15 0 12883 27 0.543316 0.538211 0.0683864 0.0746968 0.0122174
15 0 12883 28 0.545452 0.534596 0.0630459 0.054763 0.0122174
15 0 12883 29 0.597137 0.540361 0.0931488 0.0758131 0.0122174
15 0 12883 30 0.565196 0.530692 0.0851492 0.0526891 0.0122174
15 0 12883 31 0.557722 0.537815 0.0804299 0.0547908 0.0122174
15 0 12883 32 0.565716 0.528282 0.0821374 0.062758 0.0122174
15 0 12883 33 0.569382 0.530153 0.0690747 0.0426404 0.0122174
15 0 12883 34 0.548333 0.534911 0.0697415 0.0570588 0.0122174
15 0 12883 35 0.576177 0.534622 0.0694678 0.0567461 0.0122174
15 0 12883 36 0.568542 0.530002 0.0748335 0.0686686 0.0122174
15 0 12883 37 0.547719 0.520431 0.0663545 0.0620447 0.0122174
15 0 12883 38 0.560385 0.531057 0.069358 0.0659451 0.0122174
15 0 12883 39 0.556562 0.528585 0.0824561 0.0655908 0.0122174
15 0 12883 40 0.551727 0.528544 0.0721892 0.0577168 0.0122174
15 0 12883 41 0.557606 0.539323 0.0660469 0.060687 0.0122174
15 0 12883 42 0.551113 0.529812 0.0707724 0.0593991 0.0122174
15 0 12883 43 0.557083 0.539868 0.0718445 0.0646393 0.0122174
15 0 12883 44 0.566292 0.54518 0.0820569 0.076697 0.0122174
15 0 12883 45 0.543264 0.538505 0.0666552 0.0649929 0.0122174
15 0 12883 46 0.540562 0.545436 0.0548602 0.0690952 0.0122174
15 0 12883 47 0.545648 0.550934 0.068054 0.0813066 0.0122174
15 0 12883 48 0.566847 0.538144 0.0795318 0.0845524 0.0122174
15 0 12883 49 0.550846 0.532816 0.0693811 0.0664261 0.0122174
15 0 12883 50 0.556674 0.532175 0.074023 0.0725088 0.0122174
15 0 12883 51 0.56107 0.537359 0.0700282 0.0758562 0.0122174
15 0 12883 52 0.567022 0.545654 0.0703993 0.0645084 0.0122174
15 0 12883 53 0.560665 0.535684 0.0682905 0.0720651 0.0122174
15 0 12883 54 0.556075 0.53886 0.0777328 0.068804 0.0122174
15 0 12883 55 0.556016 0.536877 0.0718755 0.068636 0.0122174
15 0 12883 56 0.566662 0.536429 0.0769716 0.0623544 0.0122174
15 0 12883 57 0.566143 0.528169 0.0793895 0.0679833 0.0122174
15 0 12883 58 0.569602 0.544665 0.0724878 0.0782346 0.0122174
15 0 12883 59 0.550847 0.544395 0.0678195 0.0813471 0.0122174
15 0 12883 60 0.555431 0.537291 0.0724054 0.06992 0.0122174
15 0 12883 61 0.559783 0.550983 0.0753239 0.0802846 0.0122174
15 0 12883 62 0.572309 0.537728 0.0814534 0.0713221 0.0122174
15 0 12883 63 0.562158 0.54624 0.0760474 0.0659405 0.0122174
15 0 12883 64 0.544763 0.541072 0.0649368 0.0786534 0.0122174
15 0 12883 65 0.561953 0.542636 0.0697008 0.0692679 0.0122174
15 0 12883 66 0.556962 0.537447 0.0796252 0.0548694 0.0122174
15 0 12883 67 0.558302 0.538894 0.0851728 0.0721777 0.0122174
15 0 12883 68 0.564663 0.537636 0.0776396 0.0763964 0.0122174
15 0 12883 69 0.557916 0.53751 0.0700809 0.0643763 0.0122174
15 0 12883 70 0.544392 0.531561 0.0701611 0.0560638 0.0122174
15 0 12883 71 0.562214 0.543289 0.0817485 0.0818586 0.0122174
15 0 12883 72 0.549467 0.529552 0.0646239 0.0594495 0.0122174
15 0 12883 73 0.556388 0.530619 0.0640678 0.0668251 0.0122174
15 0 12883 74 0.54279 0.534971 0.0717889 0.077495 0.0122174
15 0 12883 75 0.544022 0.537202 0.0602115 0.0640947 0.0122174
15 0 12883 76 0.566999 0.527227 0.0717492 0.0598282 0.0122174
15 0 12883 77 0.562845 0.530914 0.0755887 0.0601952 0.0122174
15 0 12883 78 0.550267 0.533858 0.0766978 0.0726952 0.0122174
15 0 12883 79 0.568058 0.533678 0.0742135 0.0738794 0.0122174
15 0 12883 80 0.548685 0.529439 0.0681215 0.0559291 0.0122174
15 0 12883 81 0.56005 0.539425 0.0761881 0.0754574 0.0122174
15 0 12883 82 0.563852 0.536417 0.0840585 0.0682401 0.0122174
15 0 12883 83 0.546338 0.542176 0.0733101 0.0764015 0.0122174
15 0 12883 84 0.55876 0.537653 0.0795549 0.0764397 0.0122174
15 0 12883 85 0.567109 0.528691 0.0712092 0.0629691 0.0122174
15 0 12883 86 0.554841 0.533806 0.0748413 0.0673563 0.0122174
15 0 12883 87 0.565808 0.534845 0.0793766 0.0689292 0.0122174
15 0 12883 88 0.558232 0.534735 0.0771483 0.0613117 0.0122174
15 0 12883 89 0.555716 0.530431 0.0797166 0.0624405 0.0122174
15 0 12883 90 0.565109 0.537868 0.0779353 0.0737482 0.0122174
15 0 12883 91 0.547203 0.541452 0.0717559 0.0711375 0.0122174
15 0 12883 92 0.558075 0.546885 0.0768998 0.067344 0.0122174
15 0 12883 93 0.545874 0.531563 0.0731119 0.0657079 0.0122174
15 0 12883 94 0.575069 0.5407 0.0820799 0.0675406 0.0122174
15 0 12883 95 0.557926 0.536225 0.0643044 0.0689106 0.0122174
15 0 12883 96 0.552108 0.52962 0.0615044 0.065996 0.0122174
15 0 12883 97 0.564488 0.53898 0.0710567 0.0699126 0.0122174
15 0 12883 98 0.546756 0.545956 0.0666625 0.0768949 0.0122174
15 0 12883 99 0.544041 0.537379 0.0748048 0.066464 0.0122174
15 0 12883 100 0.55096 0.541212 0.0702067 0.0777304 0.0122174
15 0 12883 101 0.551293 0.537315 0.0750473 0.0764466 0.0122174
15 0 12883 102 0.540109 0.535432 0.0710134 0.0663697 0.0122174
15 0 12883 103 0.550058 0.538085 0.0683914 0.0753876 0.0122174
15 0 12883 104 0.555371 0.538757 0.067011 0.065286 0.0122174
15 0 12883 105 0.553155 0.530311 0.0744525 0.0631668 0.0122174
15 0 12883 106 0.570935 0.541621 0.0797649 0.0788844 0.0122174
15 0 12883 107 0.558088 0.53335 0.0730855 0.0584371 0.0122174
15 0 12883 108 0.563358 0.539552 0.0775577 0.074193 0.0122174
15 0 12883 109 0.552944 0.536317 0.0738553 0.0647681 0.0122174
15 0 12883 110 0.567484 0.538174 0.0726956 0.070935 0.0122174
15 0 12883 111 0.559437 0.537199 0.0679528 0.0758094 0.0122174
15 0 12883 112 0.557906 0.544647 0.0724974 0.0824711 0.0122174
15 0 12883 113 0.559514 0.533178 0.0677267 0.066548 0.0122174
15 0 12883 114 0.54588 0.54161 0.067395 0.0885927 0.0122174
15 0 12883 115 0.555969 0.536037 0.0740386 0.0690821 0.0122174
15 0 12883 116 0.557521 0.54074 0.0738628 0.0703397 0.0122174
15 0 12883 117 0.553753 0.530974 0.0730369 0.0683237 0.0122174
15 0 12883 118 0.554847 0.530364 0.0668823 0.0786151 0.0122174
15 0 12883 119 0.56192 0.540488 0.0676234 0.0734137 0.0122174
15 0 12883 120 0.569989 0.535611 0.0758926 0.0672773 0.0122174
15 0 12883 121 0.563231 0.534587 0.0727676 0.0697758 0.0122174
15 0 12883 122 0.558282 0.536657 0.0766732 0.0769899 0.0122174
15 0 12883 123 0.561753 0.536025 0.0663515 0.0654729 0.0122174
15 0 12883 124 0.565431 0.538458 0.0706292 0.0685244 0.0122174
15 0 12883 125 0.552632 0.538573 0.0678887 0.0691146 0.0122174
15 0 12883 126 0.555407 0.530818 0.0730036 0.0696276 0.0122174
15 0 12883 127 0.562124 0.538168 0.0747444 0.0658962 0.0122174
15 0 12883 128 0.56506 0.528901 0.0733306 0.0645882 0.0122174
15 0 12883 129 0.565064 0.533723 0.074075 0.0667366 0.0122174
15 0 12883 130 0.558557 0.540365 0.074438 0.0767812 0.0122174
15 0 12883 131 0.557524 0.527755 0.0710311 0.0548288 0.0122174
15 0 12883 132 0.55683 0.538657 0.071625 0.0678155 0.0122174
15 0 12883 133 0.546098 0.532827 0.0692507 0.0630399 0.0122174
15 0 12883 134 0.55528 0.53317 0.071866 0.0684282 0.0122174
15 0 12883 135 0.573034 0.531858 0.0851881 0.068916 0.0122174
15 0 12883 136 0.56101 0.534994 0.0695422 0.0684864 0.0122174
15 0 12883 137 0.55949 0.533822 0.0752545 0.072407 0.0122174
15 0 12883 138 0.554232 0.539374 0.0747996 0.0724966 0.0122174
15 0 12883 139 0.561287 0.541919 0.0750831 0.079668 0.0122174
15 0 12883 140 0.560423 0.535315 0.0717476 0.0678933 0.0122174
15 0 12883 141 0.56274 0.535058 0.079304 0.0653932 0.0122174
15 0 12883 142 0.559083 0.532052 0.0743951 0.0603246 0.0122174
15 0 12883 143 0.569188 0.533363 0.075279 0.0627227 0.0122174
15 0 12883 144 0.557257 0.533822 0.0847734 0.0631158 0.0122174
15 0 12883 145 0.553302 0.54112 0.0709691 0.0691675 0.0122174
15 0 12883 146 0.564683 0.534982 0.0792564 0.0706313 0.0122174
15 0 12883 147 0.557104 0.541226 0.0723467 0.065577 0.0122174
15 0 12883 148 0.555518 0.534872 0.0736664 0.0687203 0.0122174
15 0 12883 149 0.564468 0.540242 0.0891995 0.0754246 0.0122174
15 0 12883 150 0.551742 0.540148 0.0742333 0.0802532 0.0122174
15 0 12883 151 0.553163 0.53884 0.0725417 0.0684421 0.0122174
15 0 12883 152 0.545839 0.536974 0.075156 0.0683785 0.0122174
15 0 12883 153 0.551025 0.536622 0.0713561 0.0730349 0.0122174
15 0 12883 154 0.556243 0.534339 0.0774869 0.0737616 0.0122174
15 0 12883 155 0.55562 0.538845 0.0778999 0.0753542 0.0122174
15 0 12883 156 0.562357 0.538171 0.080253 0.0746397 0.0122174
15 0 12883 157 0.555534 0.530736 0.0727527 0.0680107 0.0122174
15 0 12883 158 0.550402 0.536055 0.0777786 0.0723809 0.0122174
15 0 12883 159 0.561693 0.539182 0.0754161 0.0650684 0.0122174
15 0 12883 160 0.561028 0.538782 0.0774414 0.0701458 0.0122174
15 0 12883 161 0.560953 0.535922 0.0804186 0.0684142 0.0122174
15 0 12883 162 0.55821 0.534885 0.0756182 0.065909 0.0122174
15 0 12883 163 0.555027 0.540364 0.069346 0.0751567 0.0122174
15 0 12883 164 0.560456 0.534324 0.0739408 0.0685716 0.0122174
15 0 12883 165 0.562816 0.534777 0.0733154 0.0626375 0.0122174
15 0 12883 166 0.557618 0.533078 0.0774306 0.0683076 0.0122174
15 0 12883 167 0.565553 0.543316 0.0751208 0.0715028 0.0122174
15 0 12883 168 0.556644 0.539002 0.0763528 0.0689993 0.0122174
15 0 12883 169 0.556333 0.533601 0.0695228 0.070139 0.0122174
15 0 12883 170 0.558819 0.542632 0.0705611 0.0710519 0.0122174
15 0 12883 171 0.557478 0.529884 0.0743883 0.0656057 0.0122174
15 0 12883 172 0.555055 0.536363 0.0764393 0.069453 0.0122174
15 0 12883 173 0.543598 0.536494 0.0710654 0.0670965 0.0122174
15 0 12883 174 0.558172 0.53619 0.0766241 0.0692791 0.0122174
15 0 12883 175 0.557205 0.534784 0.0776983 0.063252 0.0122174
15 0 12883 176 0.562399 0.533792 0.0789684 0.063338 0.0122174
15 0 12883 177 0.561347 0.541726 0.0721198 0.07258 0.0122174
15 0 12883 178 0.550092 0.538074 0.06781 0.0701403 0.0122174
15 0 12883 179 0.559476 0.533387 0.0697017 0.0714989 0.0122174
15 0 12883 180 0.549335 0.53934 0.0729019 0.0769782 0.0122174
15 0 12883 181 0.555102 0.538356 0.0739856 0.0805967 0.0122174
15 0 12883 182 0.559665 0.534028 0.0765361 0.0686024 0.0122174
15 0 12883 183 0.555643 0.540449 0.0760755 0.070415 0.0122174
15 0 12883 184 0.548699 0.536118 0.0712008 0.0692795 0.0122174
15 0 12883 185 0.547835 0.535849 0.0672638 0.0689145 0.0122174
15 0 12883 186 0.546685 0.537078 0.0636951 0.074106 0.0122174
15 0 12883 187 0.551608 0.535434 0.0779159 0.0653765 0.0122174
15 0 12883 188 0.563564 0.538304 0.0795586 0.0689548 0.0122174
15 0 12883 189 0.554246 0.535412 0.0673968 0.0690157 0.0122174
15 0 12883 190 0.545819 0.53973 0.070948 0.0725437 0.0122174
15 0 12883 191 0.553838 0.53006 0.0742605 0.0733519 0.0122174
15 0 12883 192 0.553773 0.535972 0.0732091 0.0710221 0.0122174
15 0 12883 193 0.557133 0.539253 0.0738087 0.0614989 0.0122174
15 0 12883 194 0.548459 0.536659 0.0673703 0.0670388 0.0122174
15 0 12883 195 0.550246 0.539611 0.0741779 0.0703535 0.0122174
15 0 12883 196 0.560337 0.536148 0.0733141 0.0688377 0.0122174
15 0 12883 197 0.559194 0.534066 0.0751891 0.0671473 0.0122174
15 0 12883 198 0.552121 0.537732 0.0759486 0.0662374 0.0122174
15 0 12883 199 0.553742 0.54109 0.0733018 0.0689431 0.0122174
15 0 12883 200 0.553413 0.536152 0.0762659 0.0716919 0.0122174
15 0 12883 201 0.565588 0.536974 0.0733604 0.0710618 0.0122174
15 0 12883 202 0.551392 0.540427 0.0715574 0.0764294 0.0122174
15 0 12883 203 0.554046 0.536679 0.0784319 0.0673912 0.0122174
15 0 12883 204 0.55343 0.537013 0.0693889 0.0653797 0.0122174
15 0 12883 205 0.552952 0.537215 0.0665615 0.0669428 0.0122174
15 0 12883 206 0.559482 0.533836 0.0739619 0.0674574 0.0122174
15 0 12883 207 0.55873 0.529666 0.0727826 0.0634696 0.0122174
15 0 12883 208 0.564607 0.530274 0.0707788 0.0653471 0.0122174
15 0 12883 209 0.561702 0.540647 0.0766619 0.078415 0.0122174
15 0 12883 210 0.563322 0.531394 0.0738008 0.0666901 0.0122174
15 0 12883 211 0.557756 0.534829 0.0783406 0.0647077 0.0122174
15 0 12883 212 0.556314 0.53888 0.0741846 0.0658372 0.0122174
15 0 12883 213 0.555119 0.535958 0.0707103 0.071219 0.0122174
15 0 12883 214 0.547338 0.53837 0.0722828 0.0719993 0.0122174
15 0 12883 215 0.566726 0.535401 0.0772127 0.0689135 0.0122174
15 0 12883 216 0.551483 0.53956 0.0762754 0.0776313 0.0122174
15 0 12883 217 0.552491 0.535776 0.0675844 0.0639328 0.0122174
15 0 12883 218 0.565141 0.537842 0.0783668 0.0702319 0.0122174
15 0 12883 219 0.560646 0.536835 0.0792612 0.0669369 0.0122174
15 0 12883 220 0.559951 0.538995 0.0732246 0.0722635 0.0122174
15 0 12883 221 0.552727 0.537283 0.0673838 0.0716089 0.0122174
15 0 12883 222 0.561012 0.533986 0.0774363 0.0728689 0.0122174
15 0 12883 223 0.557472 0.53776 0.0687445 0.0720153 0.0122174
15 0 12883 224 0.556238 0.541709 0.070945 0.0746926 0.0122174
15 0 12883 225 0.554239 0.537043 0.0724024 0.0710419 0.0122174
15 0 12883 226 0.555957 0.537992 0.077492 0.0674943 0.0122174
15 0 12883 227 0.554144 0.540355 0.0739253 0.0739141 0.0122174
15 0 12883 228 0.560893 0.532977 0.0774312 0.0682704 0.0122174
15 0 12883 229 0.552811 0.531668 0.0684625 0.0697469 0.0122174
15 0 12883 230 0.555027 0.533651 0.0742133 0.061456 0.0122174
15 0 12883 231 0.5532 0.534774 0.0778459 0.0624272 0.0122174
15 0 12883 232 0.549324 0.537954 0.0695021 0.0683193 0.0122174
15 0 12883 233 0.56079 0.53676 0.0763631 0.0722111 0.0122174
15 0 12883 234 0.564934 0.532742 0.0799355 0.0638268 0.0122174
15 0 12883 235 0.566491 0.538209 0.0778644 0.0709785 0.0122174
15 0 12883 236 0.561008 0.535646 0.0765405 0.0705379 0.0122174
15 0 12883 237 0.552313 0.537608 0.0679467 0.0722812 0.0122174
15 0 12883 238 0.557078 0.530961 0.0727637 0.0641215 0.0122174
15 0 12883 239 0.552947 0.539144 0.0721844 0.0748109 0.0122174
15 0 12883 240 0.559017 0.537126 0.0758566 0.0657789 0.0122174
15 0 12883 241 0.564415 0.542413 0.0728169 0.0734708 0.0122174
15 0 12883 242 0.557057 0.536044 0.0730117 0.0723281 0.0122174
15 0 12883 243 0.556209 0.543087 0.0647094 0.0772502 0.0122174
15 0 12883 244 0.55546 0.533741 0.076827 0.0688041 0.0122174
15 0 12883 245 0.561155 0.536272 0.0735064 0.0733229 0.0122174
15 0 12883 246 0.555481 0.532756 0.0657637 0.0631097 0.0122174
15 0 12883 247 0.556243 0.536128 0.0745347 0.0742984 0.0122174
15 0 12883 248 0.555811 0.538996 0.0793074 0.0734979 0.0122174
15 0 12883 249 0.561222 0.535624 0.0767833 0.0707507 0.0122174
15 0 12883 250 0.551826 0.537192 0.0752278 0.073373 0.0122174
15 0 12883 251 0.556052 0.537196 0.0655755 0.0685406 0.0122174
15 0 12883 252 0.558686 0.535316 0.0730249 0.065236 0.0122174
15 0 12883 253 0.553142 0.536851 0.0744382 0.0689314 0.0122174
15 0 12883 254 0.558628 0.536681 0.0732936 0.0713637 0.0122174
15 0 12883 255 0.564988 0.536409 0.074218 0.0737581 0.0122174
15 0 12883 256 0.557415 0.536386 0.0733251 0.0675412 0.0122174
15 0 12883 257 0.560502 0.53204 0.0778193 0.0609486 0.0122174
15 0 12883 258 0.557737 0.536301 0.0681447 0.0687444 0.0122174
15 0 12883 259 0.554711 0.527131 0.0779062 0.0624297 0.0122174
15 0 12883 260 0.564104 0.53624 0.0770898 0.069 0.0122174
15 0 12883 261 0.554968 0.537675 0.0716191 0.0721641 0.0122174
15 0 12883 262 0.561451 0.537989 0.0773963 0.0658985 0.0122174
15 0 12883 263 0.554567 0.536487 0.0799771 0.0730599 0.0122174
15 0 12883 264 0.557889 0.537313 0.0697952 0.0688585 0.0122174
15 0 12883 265 0.561181 0.535885 0.0778049 0.0678242 0.0122174
15 0 12883 266 0.554724 0.53134 0.0758787 0.0651623 0.0122174
15 0 12883 267 0.552937 0.536748 0.07444 0.0734511 0.0122174
15 0 12883 268 0.552095 0.538581 0.0702422 0.0740151 0.0122174
15 0 12883 269 0.558471 0.536657 0.0724661 0.0769921 0.0122174
15 0 12883 270 0.556554 0.534425 0.071529 0.067001 0.0122174
15 0 12883 271 0.560521 0.541219 0.0724189 0.0748953 0.0122174
15 0 12883 272 0.551416 0.537663 0.0706712 0.0683697 0.0122174
15 0 12883 273 0.562976 0.534489 0.0791386 0.0681992 0.0122174
15 0 12883 274 0.563562 0.539822 0.0744999 0.0701458 0.0122174
15 0 12883 275 0.551074 0.543725 0.0692148 0.0702024 0.0122174
15 0 12883 276 0.560586 0.53528 0.073516 0.0669019 0.0122174
15 0 12883 277 0.554775 0.533212 0.0717117 0.065418 0.0122174
15 0 12883 278 0.555319 0.539238 0.0736518 0.070879 0.0122174
15 0 12883 279 0.5594 0.536198 0.0712528 0.0714067 0.0122174
15 0 12883 280 0.558674 0.539671 0.0763744 0.0713161 0.0122174
15 0 12883 281 0.557704 0.540994 0.0697782 0.0774415 0.0122174
15 0 12883 282 0.566173 0.539819 0.0765637 0.0703439 0.0122174
15 0 12883 283 0.558083 0.538266 0.0772632 0.0689165 0.0122174
15 0 12883 284 0.555961 0.541459 0.0720934 0.0664305 0.0122174
15 0 12883 285 0.561471 0.536961 0.0776569 0.0715946 0.0122174
15 0 12883 286 0.552952 0.536471 0.0775906 0.0721365 0.0122174
15 0 12883 287 0.557639 0.536122 0.0742542 0.0689342 0.0122174
15 0 12883 288 0.55583 0.53477 0.0755599 0.0645135 0.0122174
15 0 12883 289 0.554131 0.536224 0.0750961 0.0624682 0.0122174
15 0 12883 290 0.557466 0.536728 0.0721346 0.0719074 0.0122174
15 0 12883 291 0.546206 0.531747 0.0677384 0.0604522 0.0122174
15 0 12883 292 0.556468 0.533986 0.067332 0.0648019 0.0122174
15 0 12883 293 0.555732 0.540596 0.066703 0.067595 0.0122174
15 0 12883 294 0.559066 0.53662 0.0694335 0.0671766 0.0122174
15 0 12883 295 0.554861 0.53623 0.0710254 0.0708692 0.0122174
15 0 12883 296 0.55689 0.536682 0.0726461 0.0694793 0.0122174
15 0 12883 297 0.56309 0.537869 0.075938 0.0729235 0.0122174
15 0 12883 298 0.564208 0.536993 0.0732257 0.0692656 0.0122174
15 0 12883 299 0.560592 0.540061 0.0733592 0.0742555 0.0122174
15 0 12883 300 0.568428 0.532923 0.0802605 0.0685322 0.0122174
15 0 12883 301 0.557475 0.541018 0.0724445 0.0704775 0.0122174
15 0 12883 302 0.552422 0.538123 0.0683805 0.076145 0.0122174
15 0 12883 303 0.55213 0.532238 0.0753862 0.0688043 0.0122174
15 0 12883 304 0.559881 0.532542 0.0777023 0.0692028 0.0122174
15 0 12883 305 0.551289 0.538277 0.0693135 0.0678202 0.0122174
15 0 12883 306 0.558472 0.535339 0.0765109 0.0713144 0.0122174
15 0 12883 307 0.554763 0.540159 0.0704223 0.0754731 0.0122174
15 0 12883 308 0.549096 0.533922 0.0661975 0.0643249 0.0122174
15 0 12883 309 0.560894 0.536117 0.0785532 0.0685181 0.0122174
15 0 12883 310 0.548703 0.539351 0.0723361 0.0687871 0.0122174
15 0 12883 311 0.559284 0.535059 0.0736549 0.06785 0.0122174
15 0 12883 312 0.557931 0.538048 0.079997 0.0656352 0.0122174
15 0 12883 313 0.55846 0.537117 0.0752609 0.0708074 0.0122174
15 0 12883 314 0.555711 0.533716 0.0744349 0.0587258 0.0122174
15 0 12883 315 0.561284 0.538145 0.0818596 0.0683908 0.0122174
15 0 12883 316 0.55984 0.534671 0.0742753 0.0622976 0.0122174
15 0 12883 317 0.566481 0.532608 0.0783058 0.0680095 0.0122174
15 0 12883 318 0.547524 0.536029 0.0637888 0.0649263 0.0122174
15 0 12883 319 0.558329 0.533296 0.0762413 0.0611282 0.0122174
15 0 12883 320 0.555656 0.533203 0.0777639 0.0686916 0.0122174
15 0 12883 321 0.564523 0.534235 0.074243 0.0715023 0.0122174
15 0 12883 322 0.560754 0.538777 0.0745231 0.0722759 0.0122174
15 0 12883 323 0.552443 0.53616 0.0717273 0.0656296 0.0122174
15 0 12883 324 0.557014 0.533905 0.07696 0.06789 0.0122174
15 0 12883 325 0.55749 0.538954 0.0757013 0.0690043 0.0122174
15 0 12883 326 0.563388 0.536054 0.0723996 0.0694515 0.0122174
15 0 12883 327 0.556061 0.5324 0.0716388 0.0641371 0.0122174
15 0 12883 328 0.562436 0.537397 0.0721951 0.0738328 0.0122174
15 0 12883 329 0.558114 0.536142 0.0692163 0.0683434 0.0122174
15 0 12883 330 0.557381 0.53396 0.0755443 0.0673896 0.0122174
15 0 12883 331 0.55623 0.537757 0.0702673 0.0656705 0.0122174
15 0 12883 332 0.55152 0.53657 0.0782757 0.0715276 0.0122174
15 0 12883 333 0.560253 0.538593 0.0738149 0.0677091 0.0122174
15 0 12883 334 0.561402 0.540373 0.0695903 0.074093 0.0122174
15 0 12883 335 0.557583 0.533719 0.0725037 0.0669899 0.0122174
15 0 12883 336 0.545181 0.530682 0.0675114 0.0634913 0.0122174
15 0 12883 337 0.562277 0.540894 0.0776995 0.0706249 0.0122174
15 0 12883 338 0.562061 0.536338 0.0714385 0.0674562 0.0122174
15 0 12883 339 0.558205 0.540426 0.0734821 0.0721145 0.0122174
15 0 12883 340 0.557033 0.535148 0.0745208 0.0641597 0.0122174
15 0 12883 341 0.561375 0.536218 0.0736117 0.0696817 0.0122174
15 0 12883 342 0.554823 0.53345 0.0722388 0.061864 0.0122174
15 0 12883 343 0.555955 0.533701 0.0721202 0.0665329 0.0122174
15 0 12883 344 0.558402 0.537945 0.073002 0.0700976 0.0122174
15 0 12883 345 0.5502 0.53703 0.0683527 0.0699116 0.0122174
15 0 12883 346 0.552872 0.535616 0.0741169 0.0685725 0.0122174
15 0 12883 347 0.557039 0.537379 0.0744981 0.0711058 0.0122174
15 0 12883 348 0.561319 0.538144 0.0725057 0.0702571 0.0122174
15 0 12883 349 0.554896 0.533079 0.0789268 0.0641387 0.0122174
15 0 12883 350 0.554857 0.534356 0.0733217 0.0693645 0.0122174
15 0 12883 351 0.554711 0.541397 0.0703738 0.0718507 0.0122174
15 0 12883 352 0.55748 0.535727 0.075107 0.0680686 0.0122174
15 0 12883 353 0.556329 0.533189 0.0750516 0.0645334 0.0122174
15 0 12883 354 0.55205 0.535504 0.0746171 0.0742894 0.0122174
15 0 12883 355 0.556032 0.534388 0.0752103 0.0681677 0.0122174
15 0 12883 356 0.551762 0.537316 0.0723219 0.0720417 0.0122174
15 0 12883 357 0.558837 0.544494 0.0752968 0.0729238 0.0122174
15 0 12883 358 0.557275 0.539909 0.0766454 0.0734594 0.0122174
15 0 12883 359 0.559083 0.541571 0.0770387 0.0672557 0.0122174
15 0 12883 360 0.554168 0.537675 0.0734086 0.0662914 0.0122174
15 0 12883 361 0.550754 0.538163 0.0678592 0.0684716 0.0122174
15 0 12883 362 0.555999 0.538096 0.0769923 0.0688679 0.0122174
15 0 12883 363 0.556753 0.532385 0.0736996 0.0659906 0.0122174
15 0 12883 364 0.566541 0.541401 0.0783224 0.0712859 0.0122174
15 0 12883 365 0.561065 0.535436 0.0730369 0.0663411 0.0122174
15 0 12883 366 0.55672 0.534816 0.0748798 0.0679967 0.0122174
15 0 12883 367 0.561861 0.539119 0.0779546 0.069145 0.0122174
15 0 12883 368 0.561925 0.536779 0.0754876 0.0689363 0.0122174
15 0 12883 369 0.56241 0.533598 0.0736846 0.0675487 0.0122174
15 0 12883 370 0.56029 0.537891 0.0729241 0.0716288 0.0122174
15 0 12883 371 0.564246 0.537973 0.072136 0.066944 0.0122174
15 0 12883 372 0.554828 0.531702 0.0756562 0.0669139 0.0122174
15 0 12883 373 0.557854 0.535816 0.0724138 0.0696137 0.0122174
15 0 12883 374 0.558022 0.534014 0.0732175 0.0685715 0.0122174
15 0 12883 375 0.558208 0.534278 0.0769834 0.0697494 0.0122174
15 0 12883 376 0.561668 0.53548 0.0748981 0.0671722 0.0122174
15 0 12883 377 0.555101 0.539741 0.0733748 0.0685621 0.0122174
15 0 12883 378 0.560774 0.538235 0.0722227 0.0708171 0.0122174
15 0 12883 379 0.555521 0.533014 0.0749321 0.0690767 0.0122174
15 0 12883 380 0.563298 0.53636 0.0763272 0.0719517 0.0122174
15 0 12883 381 0.554222 0.532126 0.0691768 0.0664716 0.0122174
15 0 12883 382 0.557971 0.539457 0.0715287 0.0728644 0.0122174
15 0 12883 383 0.557706 0.537409 0.0697804 0.0712375 0.0122174
15 0 12883 384 0.555877 0.53613 0.0725997 0.0694954 0.0122174
15 0 12883 385 0.555372 0.537577 0.0736496 0.0710684 0.0122174
15 0 12883 386 0.558448 0.539845 0.0767125 0.0700725 0.0122174
15 0 12883 387 0.55634 0.538647 0.0738417 0.071411 0.0122174
15 0 12883 388 0.560229 0.534395 0.0757914 0.0734318 0.0122174
15 0 12883 389 0.551329 0.531863 0.0688995 0.06604 0.0122174
15 0 12883 390 0.558745 0.538767 0.072616 0.0672781 0.0122174
15 0 12883 391 0.557724 0.538175 0.0746157 0.0697051 0.0122174
15 0 12883 392 0.554868 0.533362 0.0753645 0.0681369 0.0122174
15 0 12883 393 0.559688 0.537375 0.0817871 0.0714258 0.0122174
15 0 12883 394 0.558131 0.533964 0.0679367 0.0746769 0.0122174
15 0 12883 395 0.555095 0.537554 0.0741914 0.0686711 0.0122174
15 0 12883 396 0.558328 0.537807 0.0730404 0.0740243 0.0122174
15 0 12883 397 0.560854 0.540078 0.0740947 0.0733963 0.0122174
15 0 12883 398 0.550813 0.531494 0.0710374 0.0651808 0.0122174
15 0 12883 399 0.55551 0.539153 0.073552 0.0704227 0.0122174
15 0 12883 400 0.559045 0.533309 0.0749327 0.0689014 0.0122174
15 0 12883 401 0.557005 0.537859 0.0687772 0.0713101 0.0122174
15 0 12883 402 0.562212 0.538987 0.0744006 0.0743822 0.0122174
15 0 12883 403 0.556264 0.534749 0.0768579 0.0662672 0.0122174
15 0 12883 404 0.555374 0.536675 0.075459 0.065451 0.0122174
15 0 12883 405 0.55775 0.535644 0.0761696 0.0656131 0.0122174
15 0 12883 406 0.561035 0.534154 0.0734089 0.0643741 0.0122174
15 0 12883 407 0.561486 0.537206 0.0723685 0.0712052 0.0122174
15 0 12883 408 0.560764 0.534017 0.0768445 0.0724165 0.0122174
15 0 12883 409 0.555775 0.535512 0.0766917 0.0693708 0.0122174
15 0 12883 410 0.560808 0.539886 0.0736643 0.0710679 0.0122174
15 0 12883 411 0.555839 0.535679 0.0731295 0.071035 0.0122174
15 0 12883 412 0.562353 0.536399 0.0744156 0.0648298 0.0122174
15 0 12883 413 0.561959 0.53856 0.0736297 0.0711212 0.0122174
15 0 12883 414 0.555878 0.537794 0.0781424 0.0719352 0.0122174
15 0 12883 415 0.560188 0.535785 0.0731771 0.0688035 0.0122174
15 0 12883 416 0.557133 0.534597 0.0747359 0.0698564 0.0122174
15 0 12883 417 0.558575 0.537818 0.0708757 0.0694011 0.0122174
15 0 12883 418 0.551902 0.536365 0.0731133 0.0685738 0.0122174
15 0 12883 419 0.559424 0.533757 0.0724289 0.0662554 0.0122174
15 0 12883 420 0.554794 0.536477 0.0758013 0.0653168 0.0122174
15 0 12883 421 0.560823 0.535282 0.072796 0.066869 0.0122174
15 0 12883 422 0.557489 0.5345 0.0754417 0.0667062 0.0122174
15 0 12883 423 0.549911 0.539765 0.0729884 0.0692395 0.0122174
15 0 12883 424 0.551904 0.534025 0.0691274 0.0686412 0.0122174
15 0 12883 425 0.560412 0.535493 0.076792 0.0699183 0.0122174
15 0 12883 426 0.558402 0.533403 0.0736794 0.0663191 0.0122174
15 0 12883 427 0.562738 0.531758 0.0789251 0.065469 0.0122174
15 0 12883 428 0.558671 0.537772 0.0737017 0.066845 0.0122174
15 0 12883 429 0.558408 0.538027 0.0754551 0.0672837 0.0122174
15 0 12883 430 0.558352 0.535548 0.0746045 0.0651498 0.0122174
15 0 12883 431 0.55762 0.536519 0.0690437 0.0713518 0.0122174
15 0 12883 432 0.560463 0.535432 0.075743 0.066365 0.0122174
15 0 12883 433 0.561212 0.537882 0.0754719 0.0708139 0.0122174
15 0 12883 434 0.560874 0.536871 0.0752907 0.0712735 0.0122174
15 0 12883 435 0.557124 0.539252 0.0727357 0.0737038 0.0122174
15 0 12883 436 0.552348 0.533604 0.0731559 0.0686257 0.0122174
15 0 12883 437 0.563387 0.538902 0.0736099 0.0732517 0.0122174
15 0 12883 438 0.554717 0.537173 0.0706426 0.0705766 0.0122174
15 0 12883 439 0.554093 0.537791 0.0688735 0.0667385 0.0122174
15 0 12883 440 0.558527 0.53471 0.0710276 0.0645535 0.0122174
15 0 12883 441 0.559097 0.539408 0.0723076 0.0710198 0.0122174
15 0 12883 442 0.561548 0.533635 0.0735388 0.067066 0.0122174
15 0 12883 443 0.550075 0.533452 0.0688725 0.0671443 0.0122174
15 0 12883 444 0.5575 0.537877 0.0714306 0.0688241 0.0122174
15 0 12883 445 0.550378 0.535586 0.0718995 0.0662605 0.0122174
15 0 12883 446 0.558693 0.538105 0.0736288 0.0696701 0.0122174
15 0 12883 447 0.555236 0.535348 0.0738508 0.0660051 0.0122174
15 0 12883 448 0.557706 0.535949 0.0718405 0.0692505 0.0122174
15 0 12883 449 0.557606 0.536797 0.0726436 0.0702095 0.0122174
15 0 12883 450 0.553865 0.533028 0.0714593 0.064234 0.0122174
15 0 12883 451 0.556615 0.537302 0.0738323 0.072181 0.0122174
15 0 12883 452 0.554663 0.534138 0.0739126 0.0650701 0.0122174
15 0 12883 453 0.560652 0.535494 0.0729104 0.0658544 0.0122174
15 0 12883 454 0.560172 0.538049 0.0730755 0.0708451 0.0122174
15 0 12883 455 0.560744 0.536137 0.0765391 0.0657317 0.0122174
15 0 12883 456 0.555629 0.536017 0.0789227 0.0672367 0.0122174
15 0 12883 457 0.560653 0.536579 0.0715235 0.0713211 0.0122174
15 0 12883 458 0.552344 0.533731 0.0735176 0.0684265 0.0122174
15 0 12883 459 0.554802 0.538462 0.0733734 0.0659585 0.0122174
15 0 12883 460 0.551639 0.536705 0.0718136 0.0735694 0.0122174
15 0 12883 461 0.559749 0.53581 0.0738541 0.0716706 0.0122174
15 0 12883 462 0.561318 0.535752 0.0745518 0.070678 0.0122174
15 0 12883 463 0.553265 0.536687 0.069933 0.0707612 0.0122174
15 0 12883 464 0.561394 0.537084 0.076341 0.0677021 0.0122174
15 0 12883 465 0.552028 0.536148 0.0711178 0.0651675 0.0122174
15 0 12883 466 0.559378 0.536754 0.071801 0.070138 0.0122174
15 0 12883 467 0.559483 0.535341 0.0739491 0.067881 0.0122174
15 0 12883 468 0.559851 0.536322 0.0688816 0.0665523 0.0122174
15 0 12883 469 0.552219 0.536875 0.0691457 0.0687407 0.0122174
15 0 12883 470 0.555954 0.535384 0.0714716 0.0692221 0.0122174
15 0 12883 471 0.553348 0.53667 0.0739786 0.0708941 0.0122174
15 0 12883 472 0.555602 0.533734 0.0740074 0.0691227 0.0122174
15 0 12883 473 0.55545 0.536031 0.0761258 0.0683002 0.0122174
15 0 12883 474 0.555209 0.535935 0.0755666 0.0710242 0.0122174
15 0 12883 475 0.557051 0.54029 0.0774512 0.0703446 0.0122174
15 0 12883 476 0.560726 0.531753 0.0767721 0.0666994 0.0122174
15 0 12883 477 0.557784 0.534123 0.0738309 0.0658715 0.0122174
15 0 12883 478 0.551826 0.534728 0.0699304 0.0672858 0.0122174
15 0 12883 479 0.559977 0.535197 0.076499 0.0647187 0.0122174
15 0 12883 480 0.555189 0.535711 0.0699049 0.0668672 0.0122174
15 0 12883 481 0.560105 0.538852 0.0740086 0.0747042 0.0122174
15 0 12883 482 0.556334 0.53778 0.0738429 0.0717702 0.0122174
15 0 12883 483 0.562727 0.536014 0.078543 0.0684985 0.0122174
15 0 12883 484 0.556759 0.534882 0.0755362 0.0694856 0.0122174
15 0 12883 485 0.554373 0.532097 0.0696196 0.0655503 0.0122174
15 0 12883 486 0.565216 0.534606 0.0726601 0.0693479 0.0122174
15 0 12883 487 0.559294 0.537508 0.0712141 0.0691257 0.0122174
15 0 12883 488 0.552416 0.542076 0.0734328 0.0753786 0.0122174
15 0 12883 489 0.556424 0.53866 0.0703469 0.0713621 0.0122174
15 0 12883 490 0.554003 0.537538 0.0716235 0.0702402 0.0122174
15 0 12883 491 0.555896 0.53656 0.0763355 0.0686391 0.0122174
15 0 12883 492 0.562844 0.536209 0.0736851 0.0695689 0.0122174
15 0 12883 493 0.5537 0.538172 0.0696059 0.0691247 0.0122174
15 0 12883 494 0.56392 0.53764 0.0728553 0.0693951 0.0122174
15 0 12883 495 0.562654 0.535701 0.0771096 0.0726116 0.0122174
15 0 12883 496 0.557296 0.535017 0.0706555 0.0678413 0.0122174
15 0 12883 497 0.553122 0.535583 0.0753403 0.0718201 0.0122174
15 0 12883 498 0.559062 0.53652 0.0782699 0.0727855 0.0122174
15 0 12883 499 0.55805 0.537714 0.0722931 0.0687431 0.0122174
15 0 12883 500 0.560176 0.532845 0.0776229 0.0683027 0.0122174
15 0 12883 501 0.556805 0.534849 0.0695562 0.0667317 0.0122174
15 0 12883 502 0.556053 0.535831 0.0778665 0.0713672 0.0122174
15 0 12883 503 0.558266 0.535391 0.0740836 0.0658749 0.0122174
15 0 12883 504 0.55233 0.539823 0.0736932 0.0729402 0.0122174
15 0 12883 505 0.554054 0.536702 0.072886 0.0688056 0.0122174
15 0 12883 506 0.562943 0.534193 0.0781578 0.0688601 0.0122174
15 0 12883 507 0.5587 0.535172 0.0728398 0.0690827 0.0122174
15 0 12883 508 0.551504 0.535063 0.0712289 0.0657372 0.0122174
15 0 12883 509 0.552643 0.535669 0.0727272 0.0690826 0.0122174
15 0 12883 510 0.559561 0.534161 0.0765267 0.0630427 0.0122174
15 0 12883 511 0.559661 0.536901 0.0735267 0.0748318 0.0122174
15 0 12883 512 0.563507 0.538025 0.0747265 0.0718571 0.0122174
15 0 12883 513 0.555285 0.537766 0.0697108 0.0683791 0.0122174
15 0 12883 514 0.555781 0.538783 0.0712714 0.0716241 0.0122174
15 0 12883 515 0.553013 0.537536 0.0726928 0.0741292 0.0122174
15 0 12883 516 0.559237 0.532943 0.0785876 0.0637829 0.0122174
15 0 12883 517 0.553577 0.53926 0.0685407 0.0746759 0.0122174
15 0 12883 518 0.555599 0.536388 0.0767252 0.0714723 0.0122174
15 0 12883 519 0.554291 0.538669 0.0753894 0.0726809 0.0122174
15 0 12883 520 0.556329 0.535269 0.0698456 0.0692212 0.0122174
15 0 12883 521 0.558547 0.537546 0.0758579 0.0719305 0.0122174
15 0 12883 522 0.553228 0.53652 0.0688743 0.0689033 0.0122174
15 0 12883 523 0.556785 0.539343 0.0751842 0.0743686 0.0122174
15 0 12883 524 0.556777 0.536639 0.0748992 0.0693829 0.0122174
15 0 12883 525 0.560728 0.532411 0.0765503 0.0642907 0.0122174
15 0 12883 526 0.557397 0.537397 0.0761811 0.0714391 0.0122174
15 0 12883 527 0.556186 0.534877 0.0755676 0.0707906 0.0122174
15 0 12883 528 0.561729 0.534301 0.0749504 0.0683391 0.0122174
15 0 12883 529 0.553255 0.537011 0.073825 0.0648017 0.0122174
15 0 12883 530 0.558333 0.53494 0.0754542 0.0668716 0.0122174
15 0 12883 531 0.561149 0.538183 0.0761769 0.069173 0.0122174
15 0 12883 532 0.557111 0.53564 0.074814 0.067741 0.0122174
15 0 12883 533 0.557198 0.539579 0.0750638 0.0699679 0.0122174
15 0 12883 534 0.555452 0.537279 0.0755152 0.0685952 0.0122174
15 0 12883 535 0.551393 0.535436 0.0719899 0.0667301 0.0122174
15 0 12883 536 0.558617 0.538825 0.0760636 0.0683508 0.0122174
15 0 12883 537 0.555656 0.534663 0.072284 0.0673366 0.0122174
15 0 12883 538 0.557913 0.535553 0.0756855 0.0684561 0.0122174
15 0 12883 539 0.562706 0.534834 0.0743862 0.0669152 0.0122174
15 0 12883 540 0.560848 0.536408 0.0723841 0.0706267 0.0122174
15 0 12883 541 0.556641 0.535687 0.0725827 0.0638093 0.0122174
15 0 12883 542 0.551961 0.538965 0.0687666 0.0707132 0.0122174
15 0 12883 543 0.560667 0.537517 0.0734691 0.0718997 0.0122174
15 0 12883 544 0.555947 0.53851 0.0787968 0.069479 0.0122174
15 0 12883 545 0.559692 0.53765 0.0713739 0.0661054 0.0122174
15 0 12883 546 0.554138 0.536613 0.0705268 0.0698328 0.0122174
15 0 12883 547 0.553547 0.537071 0.0743284 0.0684209 0.0122174
15 0 12883 548 0.556894 0.535877 0.0723122 0.0656765 0.0122174
15 0 12883 549 0.557113 0.537311 0.0735073 0.0727146 0.0122174
15 0 12883 550 0.558211 0.537255 0.0754742 0.069462 0.0122174
15 0 12883 551 0.559642 0.537113 0.0731744 0.07247 0.0122174
15 0 12883 552 0.555961 0.536818 0.0700321 0.0718982 0.0122174
15 0 12883 553 0.561153 0.538858 0.07502 0.0718803 0.0122174
15 0 12883 554 0.556178 0.531596 0.0740307 0.0638092 0.0122174
15 0 12883 555 0.556544 0.534166 0.0718225 0.064666 0.0122174
15 0 12883 556 0.55215 0.538732 0.0699502 0.0714648 0.0122174
15 0 12883 557 0.553161 0.535866 0.0695013 0.0697149 0.0122174
15 0 12883 558 0.552913 0.53491 0.0722889 0.0666653 0.0122174
15 0 12883 559 0.557101 0.534007 0.068699 0.0662337 0.0122174
15 0 12883 560 0.560926 0.537781 0.0771159 0.0713906 0.0122174
15 0 12883 561 0.554787 0.539024 0.0714305 0.071823 0.0122174
15 0 12883 562 0.55878 0.536537 0.0764362 0.0722419 0.0122174
15 0 12883 563 0.558459 0.537909 0.0742864 0.0675071 0.0122174
15 0 12883 564 0.562162 0.538455 0.0774458 0.0727802 0.0122174
15 0 12883 565 0.562858 0.536483 0.0817317 0.071431 0.0122174
15 0 12883 566 0.559292 0.535909 0.0767452 0.0680692 0.0122174
15 0 12883 567 0.552696 0.536609 0.0695726 0.069533 0.0122174
15 0 12883 568 0.554919 0.53816 0.0743535 0.0701894 0.0122174
15 0 12883 569 0.55973 0.534844 0.0742147 0.0671333 0.0122174
15 0 12883 570 0.554867 0.537309 0.0724838 0.0678059 0.0122174
15 0 12883 571 0.557441 0.534854 0.0745722 0.0671306 0.0122174
15 0 12883 572 0.561055 0.536843 0.069414 0.0715326 0.0122174
15 0 12883 573 0.55538 0.534141 0.0724528 0.0703352 0.0122174
15 0 12883 574 0.557291 0.533933 0.0742157 0.0642985 0.0122174
15 0 12883 575 0.552946 0.540307 0.0705582 0.0729454 0.0122174
15 0 12883 576 0.555229 0.538784 0.0752566 0.0690223 0.0122174
15 0 12883 577 0.554527 0.535646 0.0715517 0.0708837 0.0122174
15 0 12883 578 0.556297 0.53912 0.0728002 0.071551 0.0122174
15 0 12883 579 0.562225 0.53228 0.0734571 0.0648831 0.0122174
15 0 12883 580 0.563866 0.53424 0.0744271 0.0684941 0.0122174
15 0 12883 581 0.56294 0.535739 0.0768294 0.0716084 0.0122174
15 0 12883 582 0.555933 0.539237 0.0753467 0.0778013 0.0122174
15 0 12883 583 0.560988 0.537051 0.0783497 0.0690884 0.0122174
15 0 12883 584 0.559164 0.536756 0.0702106 0.069091 0.0122174
15 0 12883 585 0.553007 0.539298 0.0702401 0.0725454 0.0122174
15 0 12883 586 0.558494 0.53612 0.0761104 0.0689489 0.0122174
15 0 12883 587 0.5583 0.536231 0.0717399 0.0718126 0.0122174
15 0 12883 588 0.552502 0.536488 0.0672897 0.0693656 0.0122174
15 0 12883 589 0.554345 0.533708 0.0721804 0.0666522 0.0122174
15 0 12883 590 0.554332 0.537593 0.0755562 0.0677087 0.0122174
15 0 12883 591 0.554603 0.540019 0.0746577 0.074781 0.0122174
15 0 12883 592 0.558007 0.53554 0.0756132 0.0716305 0.0122174
15 0 12883 593 0.55704 0.53779 0.0765557 0.0743716 0.0122174
15 0 12883 594 0.555882 0.537382 0.0704738 0.0712156 0.0122174
15 0 12883 595 0.555701 0.53502 0.0710802 0.0682665 0.0122174
15 0 12883 596 0.559833 0.536102 0.0769659 0.0674646 0.0122174
15 0 12883 597 0.561279 0.536095 0.0792863 0.0709161 0.0122174
15 0 12883 598 0.559723 0.534686 0.072618 0.0652779 0.0122174
15 0 12883 599 0.558018 0.538947 0.0727278 0.071175 0.0122174
15 0 12883 600 0.559152 0.535529 0.0724809 0.068586 0.0122174
15 0 12883 601 0.557358 0.538101 0.0747329 0.0689455 0.0122174
15 0 12883 602 0.560731 0.537378 0.0761335 0.0724917 0.0122174
15 0 12883 603 0.554386 0.533773 0.0683121 0.0641945 0.0122174
15 0 12883 604 0.557584 0.535191 0.0726127 0.0652344 0.0122174
15 0 12883 605 0.560074 0.536137 0.0733187 0.069235 0.0122174
15 0 12883 606 0.56005 0.535842 0.0733954 0.068723 0.0122174
15 0 12883 607 0.554125 0.536159 0.0720938 0.069726 0.0122174
15 0 12883 608 0.553652 0.536986 0.0738944 0.0709187 0.0122174
15 0 12883 609 0.556183 0.539469 0.0746053 0.0718007 0.0122174
15 0 12883 610 0.562282 0.53654 0.0763353 0.0716434 0.0122174
15 0 12883 611 0.556956 0.537293 0.0735041 0.0713926 0.0122174
15 0 12883 612 0.56004 0.535246 0.0717065 0.063973 0.0122174
15 0 12883 613 0.55838 0.535143 0.0751335 0.0647958 0.0122174
15 0 12883 614 0.552708 0.534981 0.0756688 0.0723955 0.0122174
15 0 12883 615 0.55983 0.537419 0.0713105 0.0691004 0.0122174
15 0 12883 616 0.559634 0.538261 0.0778223 0.0703844 0.0122174
15 0 12883 617 0.55698 0.536729 0.0713706 0.0705029 0.0122174
15 0 12883 618 0.553471 0.535425 0.0712792 0.0695857 0.0122174
15 0 12883 619 0.549579 0.5381 0.0713906 0.0706254 0.0122174
15 0 12883 620 0.557596 0.537386 0.0722621 0.0692087 0.0122174
15 0 12883 621 0.55808 0.537588 0.0692915 0.0700184 0.0122174
15 0 12883 622 0.562061 0.53526 0.0766034 0.0680322 0.0122174
15 0 12883 623 0.559641 0.535784 0.0723174 0.0680409 0.0122174
15 0 12883 624 0.55188 0.538938 0.0725219 0.0721424 0.0122174
15 0 12883 625 0.555611 0.533934 0.0740319 0.0674281 0.0122174
15 0 12883 626 0.555626 0.540111 0.0760122 0.0740441 0.0122174
15 0 12883 627 0.557764 0.533159 0.0729806 0.0651011 0.0122174
15 0 12883 628 0.563811 0.537495 0.0746594 0.0699355 0.0122174
15 0 12883 629 0.557034 0.536482 0.0745393 0.0714247 0.0122174
15 0 12883 630 0.554582 0.535575 0.0694232 0.0705079 0.0122174
15 0 12883 631 0.556368 0.53424 0.0717081 0.0656289 0.0122174
15 0 12883 632 0.555637 0.534375 0.0745986 0.0679003 0.0122174
15 0 12883 633 0.55338 0.532386 0.0721171 0.0650509 0.0122174
15 0 12883 634 0.561403 0.536688 0.0749528 0.0691621 0.0122174
15 0 12883 635 0.55297 0.536713 0.0752374 0.0681909 0.0122174
15 0 12883 636 0.557751 0.532006 0.0768163 0.064616 0.0122174
15 0 12883 637 0.558302 0.53567 0.0743114 0.0683433 0.0122174
15 0 12883 638 0.554837 0.532931 0.0729023 0.0669141 0.0122174
15 0 12883 639 0.551697 0.536059 0.0746641 0.0668979 0.0122174
15 0 12883 640 0.56181 0.535045 0.076615 0.068779 0.0122174
15 0 12883 641 0.558557 0.536201 0.0764054 0.0672141 0.0122174
15 0 12883 642 0.561126 0.53743 0.0734197 0.0700562 0.0122174
15 0 12883 643 0.553505 0.534489 0.0734952 0.0690939 0.0122174
15 0 12883 644 0.560281 0.535938 0.076655 0.065256 0.0122174
15 0 12883 645 0.556956 0.536748 0.0725822 0.0680815 0.0122174
15 0 12883 646 0.559337 0.536473 0.0732571 0.0663448 0.0122174
15 0 12883 647 0.560284 0.536537 0.0731505 0.0696635 0.0122174
15 0 12883 648 0.557849 0.537173 0.0756279 0.0676391 0.0122174
15 0 12883 649 0.555198 0.535901 0.0711383 0.0721588 0.0122174
15 0 12883 650 0.553743 0.536051 0.0718477 0.0695492 0.0122174
15 0 12883 651 0.557376 0.537061 0.0736898 0.070869 0.0122174
15 0 12883 652 0.561476 0.536825 0.0750631 0.0690693 0.0122174
15 0 12883 653 0.558401 0.536099 0.0722998 0.069653 0.0122174
15 0 12883 654 0.561959 0.534365 0.0756404 0.068624 0.0122174
15 0 12883 655 0.557552 0.540065 0.0730054 0.0727865 0.0122174
15 0 12883 656 0.558166 0.536239 0.0736773 0.0645948 0.0122174
15 0 12883 657 0.559294 0.535559 0.075771 0.0695266 0.0122174
15 0 12883 658 0.557877 0.537583 0.0784999 0.0686647 0.0122174
15 0 12883 659 0.563429 0.540183 0.0757729 0.0707095 0.0122174
15 0 12883 660 0.560248 0.537053 0.0752846 0.0713818 0.0122174
15 0 12883 661 0.55683 0.536599 0.0738781 0.0680455 0.0122174
15 0 12883 662 0.560716 0.537492 0.074235 0.0717415 0.0122174
15 0 12883 663 0.559195 0.533267 0.0737114 0.0682608 0.0122174
15 0 12883 664 0.558932 0.534699 0.0750771 0.0656379 0.0122174
15 0 12883 665 0.558111 0.535735 0.074861 0.0677322 0.0122174
15 0 12883 666 0.561283 0.536176 0.0747196 0.070422 0.0122174
15 0 12883 667 0.555762 0.538738 0.0707668 0.0719404 0.0122174
15 0 12883 668 0.554094 0.53446 0.0721175 0.0691992 0.0122174
15 0 12883 669 0.55694 0.537536 0.0769709 0.068238 0.0122174
15 0 12883 670 0.557031 0.535682 0.0733631 0.0716853 0.0122174
15 0 12883 671 0.557168 0.537663 0.0703833 0.0726209 0.0122174
15 0 12883 672 0.556866 0.536181 0.0699618 0.0670244 0.0122174
15 0 12883 673 0.558184 0.537756 0.0753369 0.0744585 0.0122174
15 0 12883 674 0.55614 0.536044 0.0734907 0.0722457 0.0122174
15 0 12883 675 0.560273 0.536694 0.0730715 0.0699667 0.0122174
15 0 12883 676 0.558345 0.535039 0.0754421 0.0673915 0.0122174
15 0 12883 677 0.558222 0.536432 0.0738999 0.0693125 0.0122174
15 0 12883 678 0.556795 0.539733 0.076934 0.0750862 0.0122174
15 0 12883 679 0.554729 0.533687 0.0747018 0.0647186 0.0122174
15 0 12883 680 0.559183 0.536754 0.0727967 0.0679237 0.0122174
15 0 12883 681 0.551113 0.538268 0.070837 0.06945 0.0122174
15 0 12883 682 0.554948 0.538765 0.0737116 0.0715439 0.0122174
15 0 12883 683 0.558623 0.533643 0.0771258 0.0672593 0.0122174
15 0 12883 684 0.557972 0.536723 0.0759177 0.0694558 0.0122174
15 0 12883 685 0.558229 0.53637 0.0736635 0.0686773 0.0122174
15 0 12883 686 0.552867 0.536314 0.0738098 0.0715034 0.0122174
15 0 12883 687 0.56151 0.535475 0.0748727 0.0684604 0.0122174
15 0 12883 688 0.552042 0.535882 0.0694597 0.0667333 0.0122174
15 0 12883 689 0.559708 0.535666 0.0783326 0.0658606 0.0122174
15 0 12883 690 0.553632 0.540458 0.0733403 0.0754889 0.0122174
15 0 12883 691 0.55904 0.536096 0.0734927 0.0665341 0.0122174
15 0 12883 692 0.562592 0.53818 0.0760526 0.0699556 0.0122174
15 0 12883 693 0.560655 0.536825 0.0735591 0.066497 0.0122174
15 0 12883 694 0.557824 0.535993 0.0765533 0.0664128 0.0122174
15 0 12883 695 0.557882 0.53605 0.0717225 0.0699083 0.0122174
15 0 12883 696 0.556984 0.53607 0.0738873 0.0720532 0.0122174
15 0 12883 697 0.560711 0.537779 0.0759188 0.0697061 0.0122174
15 0 12883 698 0.554605 0.534443 0.0734077 0.0697704 0.0122174
15 0 12883 699 0.556561 0.535368 0.0721709 0.0687904 0.0122174
15 0 12883 700 0.557493 0.535169 0.0743527 0.0673716 0.0122174
15 0 12883 701 0.5551 0.537175 0.0727659 0.070315 0.0122174
15 0 12883 702 0.557833 0.53753 0.0736479 0.072816 0.0122174
15 0 12883 703 0.55225 0.536079 0.0736077 0.0672177 0.0122174
15 0 12883 704 0.561021 0.537663 0.0723838 0.0711413 0.0122174
15 0 12883 705 0.555106 0.536129 0.073967 0.068393 0.0122174
15 0 12883 706 0.556698 0.536057 0.0684328 0.0677615 0.0122174
15 0 12883 707 0.55472 0.53573 0.0742638 0.0690418 0.0122174
15 0 12883 708 0.555035 0.534578 0.0689963 0.06694 0.0122174
15 0 12883 709 0.5572 0.535132 0.0713449 0.0673891 0.0122174
15 0 12883 710 0.554966 0.536987 0.069753 0.0710325 0.0122174
15 0 12883 711 0.556586 0.535329 0.0711524 0.0700561 0.0122174
15 0 12883 712 0.556418 0.535345 0.0734467 0.0680421 0.0122174
15 0 12883 713 0.556935 0.533492 0.0731529 0.0664149 0.0122174
15 0 12883 714 0.560612 0.535902 0.0762373 0.0692164 0.0122174
15 0 12883 715 0.553486 0.53811 0.0733265 0.0697419 0.0122174
15 0 12883 716 0.556802 0.537288 0.0737739 0.0658767 0.0122174
15 0 12883 717 0.557076 0.537642 0.0769646 0.0731583 0.0122174
15 0 12883 718 0.556045 0.534564 0.0740575 0.0676257 0.0122174
15 0 12883 719 0.555817 0.535648 0.0756329 0.065691 0.0122174
15 0 12883 720 0.557189 0.534019 0.0725999 0.0662299 0.0122174
15 0 12883 721 0.561571 0.536371 0.0733106 0.0723925 0.0122174
15 0 12883 722 0.555571 0.538286 0.0768605 0.0700598 0.0122174
15 0 12883 723 0.554256 0.53696 0.0721907 0.0689546 0.0122174
15 0 12883 724 0.556441 0.536541 0.0722981 0.0709879 0.0122174
15 0 12883 725 0.560032 0.536093 0.0724754 0.0685722 0.0122174
15 0 12883 726 0.555028 0.537941 0.074313 0.0697073 0.0122174
15 0 12883 727 0.558511 0.536484 0.0745624 0.0697431 0.0122174
15 0 12883 728 0.559933 0.537501 0.074774 0.0702625 0.0122174
15 0 12883 729 0.553954 0.537348 0.0733582 0.0713064 0.0122174
15 0 12883 730 0.556308 0.536138 0.0747502 0.0714252 0.0122174
15 0 12883 731 0.555764 0.535794 0.0709008 0.0680026 0.0122174
15 0 12883 732 0.559472 0.536917 0.0757336 0.0700193 0.0122174
15 0 12883 733 0.555473 0.537379 0.0706936 0.0729749 0.0122174
15 0 12883 734 0.56224 0.535597 0.0726934 0.0668191 0.0122174
15 0 12883 735 0.554973 0.537605 0.0740985 0.0698722 0.0122174
15 0 12883 736 0.558083 0.536123 0.0749486 0.0674003 0.0122174
15 0 12883 737 0.554798 0.538454 0.0704127 0.0731698 0.0122174
15 0 12883 738 0.554011 0.534564 0.0697156 0.066898 0.0122174
15 0 12883 739 0.554829 0.535591 0.0706326 0.0688875 0.0122174
15 0 12883 740 0.560066 0.535604 0.0725282 0.0666544 0.0122174
15 0 12883 741 0.556265 0.539681 0.0724083 0.0736895 0.0122174
15 0 12883 742 0.560557 0.538626 0.071735 0.0735513 0.0122174
15 0 12883 743 0.55568 0.536577 0.0744033 0.0672939 0.0122174
15 0 12883 744 0.558803 0.535891 0.0780704 0.069857 0.0122174
15 0 12883 745 0.556442 0.538711 0.0697051 0.067222 0.0122174
15 0 12883 746 0.56096 0.533852 0.0754534 0.0684176 0.0122174
15 0 12883 747 0.558506 0.536923 0.0742038 0.0719443 0.0122174
15 0 12883 748 0.556813 0.534979 0.0713144 0.0695484 0.0122174
15 0 12883 749 0.560187 0.535572 0.077633 0.0703327 0.0122174
15 0 12883 750 0.55696 0.534379 0.0741607 0.0685428 0.0122174
15 0 12883 751 0.553418 0.536439 0.0748937 0.0704123 0.0122174
15 0 12883 752 0.553172 0.538683 0.0742905 0.0698706 0.0122174
15 0 12883 753 0.556329 0.537544 0.073035 0.0699352 0.0122174
15 0 12883 754 0.555187 0.537621 0.0709597 0.0684463 0.0122174
15 0 12883 755 0.551917 0.537386 0.0706133 0.068005 0.0122174
15 0 12883 756 0.554705 0.536171 0.0757319 0.066159 0.0122174
15 0 12883 757 0.556033 0.533697 0.0740099 0.066652 0.0122174
15 0 12883 758 0.558883 0.535766 0.072887 0.0671366 0.0122174
15 0 12883 759 0.550401 0.533636 0.0707217 0.0668768 0.0122174
15 0 12883 760 0.559246 0.536839 0.0749062 0.0702339 0.0122174
15 0 12883 761 0.556699 0.539304 0.0714212 0.0726033 0.0122174
15 0 12883 762 0.560705 0.533309 0.07576 0.0688407 0.0122174
15 0 12883 763 0.556369 0.536082 0.0739191 0.0698965 0.0122174
15 0 12883 764 0.555462 0.537936 0.0722489 0.0721543 0.0122174
15 0 12883 765 0.559478 0.538156 0.0745866 0.0712413 0.0122174
15 0 12883 766 0.559504 0.535669 0.0753035 0.0674516 0.0122174
15 0 12883 767 0.55649 0.535022 0.0721726 0.0676626 0.0122174
15 0 12883 768 0.556618 0.53939 0.0711056 0.0747756 0.0122174
15 0 12883 769 0.553162 0.533811 0.0721619 0.0643668 0.0122174
15 0 12883 770 0.5537 0.530367 0.0723202 0.0657759 0.0122174
15 0 12883 771 0.558466 0.536896 0.0717182 0.068483 0.0122174
15 0 12883 772 0.558991 0.536234 0.0730155 0.070125 0.0122174
15 0 12883 773 0.556387 0.53745 0.0698899 0.0689418 0.0122174
15 0 12883 774 0.554956 0.537721 0.0726418 0.0697002 0.0122174
15 0 12883 775 0.55301 0.536401 0.0731295 0.0694184 0.0122174
15 0 12883 776 0.553051 0.534866 0.0726758 0.0682696 0.0122174
15 0 12883 777 0.553521 0.536734 0.0709741 0.0650914 0.0122174
15 0 12883 778 0.560217 0.537867 0.0752978 0.07027 0.0122174
15 0 12883 779 0.561931 0.5363 0.0768768 0.0687401 0.0122174
15 0 12883 780 0.556808 0.535688 0.0748661 0.0682267 0.0122174
15 0 12883 781 0.55467 0.539513 0.0737272 0.0713681 0.0122174
15 0 12883 782 0.561613 0.533973 0.0746298 0.0689362 0.0122174
15 0 12883 783 0.557219 0.536317 0.0763265 0.0716699 0.0122174
15 0 12883 784 0.553342 0.535796 0.069356 0.0696321 0.0122174
15 0 12883 785 0.551904 0.536694 0.0704718 0.0709996 0.0122174
15 0 12883 786 0.558893 0.538545 0.0721382 0.0713715 0.0122174
15 0 12883 787 0.556499 0.533955 0.0744026 0.0646937 0.0122174
15 0 12883 788 0.558516 0.53518 0.0720356 0.0693032 0.0122174
15 0 12883 789 0.56038 0.536498 0.0752685 0.0671824 0.0122174
15 0 12883 790 0.558933 0.53613 0.0748319 0.0680583 0.0122174
15 0 12883 791 0.557884 0.535619 0.0749762 0.0717984 0.0122174
15 0 12883 792 0.558291 0.534819 0.0724601 0.0709473 0.0122174
15 0 12883 793 0.559792 0.538037 0.0770544 0.0712949 0.0122174
15 0 12883 794 0.560082 0.535004 0.075757 0.0659263 0.0122174
15 0 12883 795 0.555331 0.538769 0.0731632 0.0697336 0.0122174
15 0 12883 796 0.555715 0.535486 0.0736285 0.0679353 0.0122174
15 0 12883 797 0.562629 0.535833 0.0782677 0.0708149 0.0122174
15 0 12883 798 0.559959 0.536329 0.0745145 0.0682987 0.0122174
15 0 12883 799 0.554315 0.537364 0.0706781 0.0686764 0.0122174
15 0 12883 800 0.559958 0.537215 0.0739368 0.0737871 0.0122174
15 0 12883 801 0.552494 0.534275 0.0749398 0.0683035 0.0122174
15 0 12883 802 0.553067 0.535488 0.073534 0.0663492 0.0122174
15 0 12883 803 0.556141 0.538541 0.0731902 0.0717405 0.0122174
15 0 12883 804 0.558228 0.539499 0.072515 0.0691553 0.0122174
15 0 12883 805 0.558523 0.537718 0.0717512 0.0702849 0.0122174
15 0 12883 806 0.557831 0.535572 0.0719442 0.0674362 0.0122174
15 0 12883 807 0.556051 0.535278 0.072115 0.0674769 0.0122174
15 0 12883 808 0.557681 0.533027 0.0749447 0.0651365 0.0122174
15 0 12883 809 0.557224 0.539359 0.0764602 0.0710661 0.0122174
15 0 12883 810 0.556952 0.537423 0.0764813 0.071736 0.0122174
15 0 12883 811 0.55927 0.539222 0.074473 0.0719293 0.0122174
15 0 12883 812 0.557295 0.53609 0.0736643 0.0684745 0.0122174
15 0 12883 813 0.555118 0.534042 0.0738068 0.0682352 0.0122174
15 0 12883 814 0.556862 0.534396 0.0732942 0.0667535 0.0122174
15 0 12883 815 0.559696 0.534188 0.0728952 0.0650976 0.0122174
15 0 12883 816 0.55762 0.534008 0.0754455 0.0672585 0.0122174
15 0 12883 817 0.559057 0.535073 0.0728516 0.0700706 0.0122174
15 0 12883 818 0.555624 0.536957 0.0707059 0.0726817 0.0122174
15 0 12883 819 0.553712 0.537796 0.0727948 0.0718852 0.0122174
15 0 12883 820 0.560618 0.538026 0.0747072 0.0690004 0.0122174
15 0 12883 821 0.557402 0.534844 0.0720297 0.0690555 0.0122174
15 0 12883 822 0.557152 0.537054 0.0730284 0.0687758 0.0122174
15 0 12883 823 0.556991 0.537585 0.0740782 0.070612 0.0122174
15 0 12883 824 0.557846 0.537391 0.0715249 0.0692832 0.0122174
15 0 12883 825 0.561858 0.536544 0.0790699 0.0711063 0.0122174
15 0 12883 826 0.558171 0.535168 0.0745488 0.0704366 0.0122174
15 0 12883 827 0.55542 0.53718 0.0709878 0.0705586 0.0122174
15 0 12883 828 0.559359 0.535731 0.0725209 0.0695982 0.0122174
15 0 12883 829 0.558514 0.537806 0.0724764 0.0718432 0.0122174
15 0 12883 830 0.558363 0.538263 0.0748629 0.0703501 0.0122174
15 0 12883 831 0.556983 0.53764 0.0699171 0.0726974 0.0122174
15 0 12883 832 0.554203 0.535905 0.0728352 0.0695981 0.0122174
15 0 12883 833 0.554517 0.536555 0.0724467 0.0692962 0.0122174
15 0 12883 834 0.553527 0.535905 0.0730302 0.0679827 0.0122174
15 0 12883 835 0.554261 0.533465 0.0736867 0.0661262 0.0122174
15 0 12883 836 0.558307 0.537466 0.0725078 0.0698922 0.0122174
15 0 12883 837 0.556059 0.536138 0.0766149 0.0646201 0.0122174
15 0 12883 838 0.551913 0.536238 0.0748196 0.0729369 0.0122174
15 0 12883 839 0.559497 0.536817 0.075654 0.0707179 0.0122174
15 0 12883 840 0.555292 0.534576 0.071389 0.0687955 0.0122174
15 0 12883 841 0.560579 0.535862 0.0764199 0.0718197 0.0122174
15 0 12883 842 0.5596 0.538118 0.0750776 0.0729172 0.0122174
15 0 12883 843 0.555358 0.536757 0.0737142 0.068706 0.0122174
15 0 12883 844 0.563727 0.537469 0.0757521 0.0735494 0.0122174
15 0 12883 845 0.563587 0.53583 0.0775489 0.0678459 0.0122174
15 0 12883 846 0.557911 0.534487 0.0742282 0.0674355 0.0122174
15 0 12883 847 0.555601 0.535943 0.072891 0.0687745 0.0122174
15 0 12883 848 0.556744 0.538513 0.0718227 0.0701264 0.0122174
15 0 12883 849 0.553658 0.538648 0.0679788 0.0697541 0.0122174
15 0 12883 850 0.560531 0.537998 0.073653 0.070861 0.0122174
15 0 12883 851 0.560897 0.537004 0.074021 0.0705727 0.0122174
15 0 12883 852 0.560634 0.537093 0.0793282 0.0668552 0.0122174
15 0 12883 853 0.559872 0.535728 0.0760761 0.0714019 0.0122174
15 0 12883 854 0.557895 0.538362 0.0720777 0.0696749 0.0122174
15 0 12883 855 0.557922 0.538423 0.073148 0.0675779 0.0122174
15 0 12883 856 0.55681 0.534569 0.0738203 0.0682478 0.0122174
15 0 12883 857 0.557869 0.536393 0.0756242 0.0695687 0.0122174
15 0 12883 858 0.558756 0.537799 0.0746707 0.0670019 0.0122174
15 0 12883 859 0.554157 0.535689 0.071377 0.0681189 0.0122174
15 0 12883 860 0.558427 0.537153 0.0739074 0.0720116 0.0122174
15 0 12883 861 0.556554 0.537013 0.0712498 0.0706207 0.0122174
15 0 12883 862 0.559386 0.536897 0.0744541 0.0689003 0.0122174
15 0 12883 863 0.557707 0.535735 0.0740723 0.0690235 0.0122174
15 0 12883 864 0.558809 0.538821 0.0758878 0.0719175 0.0122174
15 0 12883 865 0.560928 0.538168 0.0737564 0.0683074 0.0122174
15 0 12883 866 0.555472 0.535966 0.0730168 0.0714981 0.0122174
15 0 12883 867 0.556125 0.53641 0.0747715 0.071017 0.0122174
15 0 12883 868 0.554149 0.536849 0.071601 0.0679691 0.0122174
15 0 12883 869 0.561183 0.536439 0.0760201 0.0669716 0.0122174
15 0 12883 870 0.557305 0.536631 0.072393 0.0702582 0.0122174
15 0 12883 871 0.560911 0.533851 0.0764799 0.0690963 0.0122174
15 0 12883 872 0.558131 0.53631 0.0741431 0.0660014 0.0122174
15 0 12883 873 0.559048 0.536823 0.0719916 0.0692647 0.0122174
15 0 12883 874 0.556333 0.534497 0.0724503 0.0706336 0.0122174
15 0 12883 875 0.560226 0.537677 0.0747398 0.0715436 0.0122174
15 0 12883 876 0.55622 0.535276 0.0741023 0.0690836 0.0122174
15 0 12883 877 0.555216 0.538444 0.0717155 0.0686496 0.0122174
15 0 12883 878 0.557649 0.537394 0.0730579 0.0682385 0.0122174
15 0 12883 879 0.556856 0.53353 0.0700975 0.0635981 0.0122174
15 0 12883 880 0.559236 0.537173 0.0703321 0.068635 0.0122174
15 0 12883 881 0.560044 0.536084 0.0755299 0.0674891 0.0122174
15 0 12883 882 0.562311 0.535797 0.0755089 0.067483 0.0122174
15 0 12883 883 0.553798 0.539922 0.0711286 0.0719519 0.0122174
15 0 12883 884 0.556085 0.537632 0.0697812 0.0728779 0.0122174
15 0 12883 885 0.557553 0.53445 0.0749103 0.0671376 0.0122174
15 0 12883 886 0.562083 0.535142 0.0744812 0.069031 0.0122174
15 0 12883 887 0.554373 0.538254 0.0753768 0.0719655 0.0122174
15 0 12883 888 0.555558 0.536062 0.0733327 0.0684785 0.0122174
15 0 12883 889 0.555729 0.539055 0.0739162 0.0728942 0.0122174
15 0 12883 890 0.553975 0.539374 0.0708957 0.0711088 0.0122174
15 0 12883 891 0.560894 0.536793 0.0744717 0.0689154 0.0122174
15 0 12883 892 0.557342 0.539066 0.0763727 0.069433 0.0122174
15 0 12883 893 0.557976 0.535606 0.0715223 0.068868 0.0122174
15 0 12883 894 0.557725 0.538907 0.0742766 0.0735425 0.0122174
15 0 12883 895 0.555846 0.535782 0.0723072 0.0705317 0.0122174
15 0 12883 896 0.55526 0.537275 0.0734619 0.0705212 0.0122174
15 0 12883 897 0.557535 0.536583 0.0708434 0.0701855 0.0122174
15 0 12883 898 0.559064 0.537186 0.0743966 0.0707382 0.0122174
15 0 12883 899 0.55915 0.537351 0.0754009 0.0683991 0.0122174
15 0 12883 900 0.562172 0.53486 0.0738049 0.069181 0.0122174
15 0 12883 901 0.555792 0.535548 0.0719648 0.0675385 0.0122174
15 0 12883 902 0.555735 0.538801 0.0732898 0.0700337 0.0122174
15 0 12883 903 0.559122 0.53821 0.0716218 0.0713058 0.0122174
15 0 12883 904 0.559431 0.534779 0.0770757 0.0698537 0.0122174
15 0 12883 905 0.559492 0.535197 0.0756951 0.0699072 0.0122174
15 0 12883 906 0.557934 0.537017 0.0748198 0.0661632 0.0122174
15 0 12883 907 0.555874 0.535531 0.0743208 0.0671834 0.0122174
15 0 12883 908 0.552728 0.540564 0.0698614 0.0711656 0.0122174
15 0 12883 909 0.558763 0.536662 0.0747968 0.0703077 0.0122174
15 0 12883 910 0.553873 0.535019 0.0715435 0.0680047 0.0122174
15 0 12883 911 0.558898 0.535796 0.0737126 0.0699007 0.0122174
15 0 12883 912 0.555304 0.537136 0.0706688 0.0708543 0.0122174
15 0 12883 913 0.558288 0.534257 0.0725616 0.0692918 0.0122174
15 0 12883 914 0.556274 0.534908 0.0747863 0.066115 0.0122174
15 0 12883 915 0.558469 0.534962 0.0718711 0.0684752 0.0122174
15 0 12883 916 0.558486 0.537768 0.0737543 0.0695934 0.0122174
15 0 12883 917 0.556641 0.534868 0.0702808 0.0668667 0.0122174
15 0 12883 918 0.555853 0.537073 0.0748075 0.06685 0.0122174
15 0 12883 919 0.558882 0.536176 0.0723138 0.0677118 0.0122174
15 0 12883 920 0.556495 0.538693 0.07527 0.0714076 0.0122174
15 0 12883 921 0.555737 0.537644 0.073653 0.0710388 0.0122174
15 0 12883 922 0.556098 0.538323 0.0758871 0.0708808 0.0122174
15 0 12883 923 0.557617 0.535661 0.0736475 0.0664426 0.0122174
15 0 12883 924 0.554202 0.536906 0.0696348 0.0679385 0.0122174
15 0 12883 925 0.560042 0.539181 0.0710237 0.0695569 0.0122174
15 0 12883 926 0.557363 0.53791 0.073424 0.0688663 0.0122174
15 0 12883 927 0.560091 0.536751 0.0742026 0.0685744 0.0122174
15 0 12883 928 0.557669 0.5376 0.072148 0.0709059 0.0122174
15 0 12883 929 0.560539 0.535295 0.0730653 0.0679873 0.0122174
15 0 12883 930 0.554281 0.534667 0.0729526 0.0710491 0.0122174
15 0 12883 931 0.561852 0.538697 0.0765248 0.0705666 0.0122174
15 0 12883 932 0.557556 0.53676 0.0762436 0.0704945 0.0122174
15 0 12883 933 0.562018 0.537714 0.074006 0.0708158 0.0122174
15 0 12883 934 0.559469 0.537851 0.0735727 0.0710094 0.0122174
15 0 12883 935 0.558461 0.534151 0.0713177 0.0650081 0.0122174
15 0 12883 936 0.556114 0.536696 0.0757678 0.0721282 0.0122174
15 0 12883 937 0.560396 0.53737 0.0759509 0.0703529 0.0122174
15 0 12883 938 0.556104 0.535128 0.0749756 0.0675633 0.0122174
15 0 12883 939 0.559558 0.536015 0.0768695 0.0695276 0.0122174
15 0 12883 940 0.558838 0.538459 0.0750771 0.0698941 0.0122174
15 0 12883 941 0.555892 0.534227 0.0728098 0.0673165 0.0122174
15 0 12883 942 0.563597 0.533938 0.0726633 0.0672878 0.0122174
15 0 12883 943 0.555801 0.533954 0.0754405 0.0686782 0.0122174
15 0 12883 944 0.557841 0.538986 0.0700837 0.0722059 0.0122174
15 0 12883 945 0.56111 0.536368 0.0740905 0.0708138 0.0122174
15 0 12883 946 0.55729 0.536863 0.0740115 0.0665521 0.0122174
15 0 12883 947 0.560711 0.535421 0.0774738 0.0707358 0.0122174
15 0 12883 948 0.551704 0.534235 0.0727286 0.0657704 0.0122174
15 0 12883 949 0.558643 0.538322 0.0742303 0.0718717 0.0122174
15 0 12883 950 0.561296 0.535571 0.0740059 0.0673685 0.0122174
15 0 12883 951 0.561869 0.538617 0.0745315 0.0716586 0.0122174
15 0 12883 952 0.560217 0.534964 0.0736847 0.0699699 0.0122174
15 0 12883 953 0.561405 0.536213 0.0755279 0.0673366 0.0122174
15 0 12883 954 0.55522 0.536976 0.0719842 0.0717668 0.0122174
15 0 12883 955 0.555708 0.536934 0.0737607 0.0708558 0.0122174
15 0 12883 956 0.557172 0.538018 0.0754664 0.071235 0.0122174
15 0 12883 957 0.558836 0.53458 0.0709651 0.0700978 0.0122174
15 0 12883 958 0.557114 0.538782 0.0724211 0.0734921 0.0122174
15 0 12883 959 0.561036 0.537501 0.0774271 0.0682183 0.0122174
15 0 12883 960 0.557375 0.536498 0.0739632 0.0697148 0.0122174
15 0 12883 961 0.554558 0.538752 0.0702609 0.0688717 0.0122174
15 0 12883 962 0.549054 0.535515 0.071009 0.0655259 0.0122174
15 0 12883 963 0.554503 0.537381 0.0699274 0.0698568 0.0122174
15 0 12883 964 0.560161 0.53612 0.0757 0.0698643 0.0122174
15 0 12883 965 0.552857 0.535976 0.0731919 0.0672094 0.0122174
15 0 12883 966 0.555576 0.53419 0.0758971 0.0667099 0.0122174
15 0 12883 967 0.557111 0.53717 0.0730365 0.0690478 0.0122174
15 0 12883 968 0.552641 0.537175 0.0716906 0.06911 0.0122174
15 0 12883 969 0.55653 0.538429 0.0740189 0.069715 0.0122174
15 0 12883 970 0.559835 0.536633 0.077002 0.0688269 0.0122174
15 0 12883 971 0.563263 0.536816 0.0747114 0.0687484 0.0122174
15 0 12883 972 0.557897 0.53894 0.0754492 0.0709289 0.0122174
15 0 12883 973 0.557107 0.535542 0.0744342 0.067584 0.0122174
15 0 12883 974 0.555717 0.535206 0.0704063 0.0672966 0.0122174
15 0 12883 975 0.553794 0.538736 0.070729 0.0691153 0.0122174
15 0 12883 976 0.554835 0.536577 0.0715348 0.072694 0.0122174
15 0 12883 977 0.555669 0.537325 0.0723504 0.0706014 0.0122174
15 0 12883 978 0.557666 0.536992 0.0726252 0.0673434 0.0122174
15 0 12883 979 0.552506 0.538875 0.0714765 0.0723324 0.0122174
15 0 12883 980 0.55375 0.536991 0.0738852 0.0689122 0.0122174
15 0 12883 981 0.559196 0.537291 0.0735824 0.0727061 0.0122174
15 0 12883 982 0.559616 0.536925 0.0755808 0.0704871 0.0122174
15 0 12883 983 0.558379 0.53481 0.0712115 0.0671861 0.0122174
15 0 12883 984 0.553778 0.537153 0.0756011 0.070663 0.0122174
15 0 12883 985 0.560847 0.535619 0.0774345 0.0687749 0.0122174
15 0 12883 986 0.557089 0.537541 0.0731985 0.0702106 0.0122174
15 0 12883 987 0.555682 0.535057 0.0744976 0.0707517 0.0122174
15 0 12883 988 0.556461 0.535125 0.0719848 0.0679366 0.0122174
15 0 12883 989 0.560974 0.538131 0.0786496 0.0679353 0.0122174
15 0 12883 990 0.557561 0.534451 0.0782286 0.0672957 0.0122174
15 0 12883 991 0.558399 0.537807 0.0728218 0.0687893 0.0122174
15 0 12883 992 0.556106 0.534959 0.0733841 0.0677494 0.0122174
15 0 12883 993 0.556047 0.534684 0.0724454 0.0665927 0.0122174
15 0 12883 994 0.555096 0.536505 0.0707344 0.0712059 0.0122174
15 0 12883 995 0.558108 0.537686 0.0753537 0.0691131 0.0122174
15 0 12883 996 0.559401 0.538428 0.0727468 0.0673445 0.0122174
15 0 12883 997 0.558164 0.538072 0.0759939 0.0722182 0.0122174
15 0 12883 998 0.557689 0.537118 0.0723209 0.0714103 0.0122174
15 0 12883 999 0.558703 0.536529 0.0752507 0.0691593 0.0122174
