0 0 0 93.6896 12417.8
0 1 126 92.3862 12288.3
0 2 252 91.219 12168.3
0 3 379 90.1723 12057.1
0 4 506 89.2325 11953.8
0 5 633 88.3878 11857.8
0 6 760 87.6272 11768.4
0 7 887 86.9408 11685
0 8 1014 86.3207 11607.2
0 9 1140 85.759 11534.3
0 10 1266 85.2495 11466.1
0 11 1392 84.7861 11402.1
0 12 1518 84.3638 11341.9
0 13 1644 83.9778 11285.3
0 14 1771 83.6245 11231.9
0 15 1898 83.3 11181.6
0 16 2026 83.0013 11134
0 17 2154 82.7256 11089
0 18 2281 82.4703 11046.3
0 19 2407 82.2332 11005.8
0 20 2534 82.0123 10967.3
0 21 2659 81.806 10930.6
0 22 2782 81.6129 10895.7
0 23 2986 81.4315 10862.4
0 24 3168 81.2607 10830.6
0 25 3350 81.0992 10800.1
0 26 3534 80.9463 10770.9
0 27 3718 80.801 10743
0 28 3885 80.6627 10716.1
0 29 4065 80.5307 10690.3
0 30 4184 80.4043 10665.5
0 31 4303 80.283 10641.5
0 32 4423 80.1665 10618.5
0 33 4543 80.0543 10596.2
0 34 4693 79.946 10574.7
0 35 4911 79.8412 10553.9
0 36 5039 79.7397 10533.8
0 37 5170 79.6412 10514.2
0 38 5301 79.5454 10495.3
0 39 5481 79.4523 10476.9
0 40 5624 79.3616 10459
0 41 5767 79.273 10441.6
0 42 5891 79.1865 10424.7
0 43 6015 79.102 10408.2
0 44 6139 79.0193 10392.1
0 45 6262 78.9383 10376.5
0 46 6385 78.8589 10361.2
0 47 6508 78.781 10346.3
0 48 6630 78.7045 10331.7
0 49 6753 78.6295 10317.5
0 50 6876 78.5556 10303.5
