1 0 0 93.7174 12419.3
1 1 313 92.4777 12286.7
1 2 581 91.4501 12165.9
1 3 809 90.4627 12048
1 4 1036 89.6408 11948.2
1 5 1260 88.8705 11852.7
1 6 1487 88.1303 11757.9
1 7 1715 87.4871 11676.4
1 8 1970 86.9061 11598.4
1 9 2207 86.3193 11517.6
1 10 2436 85.7893 11442.6
1 11 2664 85.3518 11381
1 12 2895 84.8947 11315.2
1 13 3151 84.4869 11256.6
1 14 3402 84.111 11201.7
1 15 3640 83.7588 11149.4
1 16 3923 83.4285 11098.8
1 17 4188 83.1411 11052.7
1 18 4435 82.8346 11002.7
1 19 4766 82.5295 10952
1 20 5005 82.2848 10911.4
1 21 5247 82.0276 10866.4
1 22 5474 81.7898 10823.7
1 23 5806 81.5645 10782.8
1 24 6180 81.3586 10745.1
1 25 6581 81.1556 10707
1 26 6859 80.9505 10666.5
1 27 7108 80.7573 10628.9
1 28 7338 80.5908 10596.7
1 29 7596 80.4281 10564.2
1 30 7837 80.2725 10532
1 31 8063 80.1257 10502.8
1 32 8287 79.973 10470.3
1 33 8583 79.8424 10445.6
1 34 8865 79.714 10417.8
1 35 9108 79.5911 10391.1
1 36 9351 79.4675 10363.7
1 37 9593 79.3637 10340.5
1 38 9838 79.2554 10314.6
1 39 10177 79.1516 10289.7
1 40 10408 79.0488 10265.1
1 41 10623 78.9454 10240.3
1 42 10839 78.8594 10218.9
1 43 11052 78.7703 10199.1
1 44 11315 78.6872 10178.3
1 45 11540 78.6038 10159.1
1 46 11764 78.5155 10137.1
1 47 11989 78.4344 10119.2
1 48 12212 78.3589 10099.6
1 49 12434 78.2873 10080.3
1 50 12656 78.2192 10063.6
2 0 0 93.7174 12419.3
2 1 244 92.2339 12246.2
2 2 470 90.9256 12083.6
2 3 695 89.8033 11936.5
2 4 919 88.8615 11809.2
2 5 1144 88.0286 11694.4
2 6 1368 87.158 11570.4
2 7 1595 86.4479 11463.6
2 8 1819 85.7423 11352.3
2 9 2043 85.0844 11252.5
2 10 2267 84.5379 11167.1
2 11 2492 84.0523 11091.1
2 12 2717 83.6132 11021.3
2 13 2942 83.1915 10948.7
2 14 3167 82.8104 10876.9
2 15 3391 82.448 10813.2
2 16 3615 82.1107 10753.1
2 17 3840 81.8071 10691.4
2 18 4064 81.5053 10633.9
2 19 4288 81.2446 10576.7
2 20 4513 80.9951 10525.7
2 21 4737 80.7652 10477.5
2 22 4961 80.5654 10430.7
2 23 5185 80.3861 10385.4
2 24 5405 80.2155 10342.7
2 25 5615 80.0491 10303.2
2 26 5824 79.8996 10262.7
2 27 6039 79.7538 10225.5
2 28 6278 79.6209 10187.6
2 29 6496 79.4974 10152.8
2 30 6706 79.3829 10112
2 31 6918 79.3039 10076.4
2 32 7141 79.1926 10044.8
2 33 7365 79.0922 10012.1
2 34 7589 79.0315 9977.4
2 35 7812 78.9745 9944.14
2 36 8035 78.9147 9915.29
2 37 8258 78.8636 9886.84
2 38 8476 78.7881 9860.52
2 39 8686 78.7452 9834.29
2 40 8899 78.6815 9811.95
2 41 9109 78.6531 9785.99
2 42 9323 78.588 9765.15
2 43 9540 78.5437 9742.5
2 44 9754 78.487 9722.37
2 45 9970 78.4993 9699.17
2 46 10186 78.4094 9682.45
2 47 10411 78.4093 9661.04
2 48 10635 78.3692 9643.87
2 49 10859 78.3188 9627.4
2 50 11083 78.3297 9609.12
3 0 0 93.7174 12419.3
3 1 234 91.5712 12146.2
3 2 466 89.5412 11866.4
3 3 698 87.8057 11608.5
3 4 930 86.1017 11341.9
3 5 1161 84.7972 11130
3 6 1392 83.8102 10953.9
3 7 1623 83.0429 10762.8
3 8 1853 82.3859 10611
3 9 2085 81.933 10496
3 10 2317 81.6509 10391.7
3 11 2692 81.5465 10290.5
3 12 3029 81.3895 10193.8
3 13 3295 81.3454 10105.1
3 14 3522 81.1626 10039.1
3 15 3747 80.9592 9976.34
3 16 4020 81.1121 9909.77
3 17 4255 81.0972 9854.66
3 18 4491 81.1068 9808.24
3 19 4725 81.0816 9761.02
3 20 4957 81.1398 9714.01
3 21 5226 81.218 9670.56
3 22 5465 81.4308 9633.13
3 23 5699 81.4027 9599.68
3 24 5934 81.6483 9564.48
3 25 6166 81.8715 9531.06
3 26 6398 82.1031 9502.2
3 27 6631 82.4001 9477.83
3 28 6890 82.3282 9453.5
3 29 7127 82.6417 9430.21
3 30 7362 82.7017 9409.42
3 31 7598 82.5526 9391.3
3 32 7828 82.5534 9372.88
3 33 8059 82.5336 9357.27
3 34 8289 82.7072 9338.95
3 35 8519 82.7394 9320.17
3 36 8746 82.9904 9302.01
3 37 8972 83.1965 9287.27
3 38 9204 83.3014 9274.28
3 39 9436 83.3473 9259.08
3 40 9668 83.9328 9252.72
3 41 9918 83.8836 9238.17
3 42 10161 83.836 9226.04
3 43 10392 83.8875 9213.1
3 44 10613 84.0628 9203.68
3 45 10840 83.8985 9189.12
3 46 11072 83.7343 9174.95
3 47 11304 83.7701 9162.61
3 48 11540 84.2705 9159.66
3 49 11772 84.1347 9147.59
3 50 12004 83.8306 9133.61
4 0 0 93.7174 12419.3
4 1 230 88.3699 11534.6
4 2 461 85.847 10990
4 3 692 84.4187 10666.9
4 4 924 84.6268 10333.7
4 5 1155 85.5047 10042.9
4 6 1386 86.1947 9883.15
4 7 1617 87.5003 9792.59
4 8 1848 90.003 9703.9
4 9 2080 91.1537 9655.36
4 10 2312 91.7112 9615.39
4 11 2545 92.4453 9578.37
4 12 2778 93.6563 9561.95
4 13 3011 93.426 9531.31
4 14 3242 93.0901 9495.95
4 15 3474 95.5251 9523.4
4 16 3706 95.9236 9511.1
4 17 3938 98.3071 9546.99
4 18 4169 99.0405 9547.39
4 19 4401 98.5475 9519.3
4 20 4632 99.5294 9530.53
4 21 4863 99.0138 9498.69
4 22 5091 99.7417 9504.51
4 23 5322 99.2324 9475.68
4 24 5554 100.454 9497.02
4 25 5796 99.8978 9468.55
4 26 6044 98.772 9420.79
4 27 6277 99.8716 9443.91
4 28 6509 100.178 9441.33
4 29 6740 100.886 9453.78
4 30 6971 101.267 9456.12
4 31 7204 102.204 9476.44
4 32 7436 102.416 9473.33
4 33 7665 102.302 9461.25
4 34 7896 102.913 9473.23
4 35 8126 102.354 9446
4 36 8357 102.188 9429.18
4 37 8589 101.61 9401.9
4 38 8822 101.432 9386.33
4 39 9058 101.226 9370.04
4 40 9289 103.108 9425.24
4 41 9520 102.03 9379.44
4 42 9751 103.383 9414.6
4 43 9983 102.633 9381.71
4 44 10214 101.605 9338.84
4 45 10445 100.74 9304.4
4 46 10674 99.5862 9259.96
4 47 10905 98.8134 9226.71
4 48 11136 101.222 9301.25
4 49 11367 100.072 9257.53
4 50 11599 100.312 9257.93
5 0 0 93.7174 12419.3
5 1 236 96.8555 10431.4
5 2 472 113.851 10295.8
5 3 709 125.732 10493.7
5 4 948 136.946 10778.7
5 5 1185 138.295 10798.5
5 6 1422 135.129 10668.7
5 7 1662 132.571 10552
5 8 1900 130.596 10479
5 9 2136 141.951 10864.4
5 10 2371 143.72 10902.1
5 11 2605 140.29 10758.2
5 12 2839 151.103 11132.6
5 13 3075 147.623 10965
5 14 3310 147.74 10946.1
5 15 3546 148.385 10963.3
5 16 3784 151.06 11054.8
5 17 4020 151.978 11061.7
5 18 4255 151.896 11042.6
5 19 4489 151.234 10996.4
5 20 4724 150.419 10937.8
5 21 4963 145.477 10738.4
5 22 5199 145.242 10718
5 23 5436 141.876 10568.6
5 24 5671 142.817 10594.9
5 25 5906 140.403 10498
5 26 6141 135.521 10304.3
5 27 6377 132.513 10190
5 28 6613 134.556 10255.5
5 29 6849 134.952 10267.7
5 30 7087 133.074 10190.2
5 31 7322 134.528 10231.4
5 32 7557 135.43 10255.4
5 33 7793 132.676 10145.7
5 34 8028 129.05 10005.4
5 35 8264 133.361 10165
5 36 8500 132.625 10135.6
5 37 8736 135.846 10260.8
5 38 8970 137.629 10328.7
5 39 9203 134.324 10201.3
5 40 9439 133.903 10168.2
5 41 9676 132.703 10115
5 42 9973 133.6 10140.3
5 43 10351 134.811 10172.2
5 44 10668 132.477 10073.6
5 45 10960 136.53 10230.2
5 46 11187 131.28 10024.5
5 47 11436 132.792 10076.7
5 48 11680 133.229 10086.5
5 49 11917 134.134 10120.2
5 50 12150 135.003 10148.4
6 0 0 93.7174 12419.3
6 1 276 185.399 12344.8
6 2 526 240.167 14278.4
6 3 763 258.15 15042.2
6 4 1000 276.43 15753
6 5 1238 270.379 15412.4
6 6 1475 263.777 14957.1
6 7 1712 265.422 14984.5
6 8 1966 263.036 14799.9
6 9 2212 255.181 14493
6 10 2450 266.047 14873.5
6 11 2698 267.42 14910.6
6 12 2934 255.448 14396.6
6 13 3157 239.214 13727.3
6 14 3396 230.784 13410.6
6 15 3632 231.431 13404.4
6 16 3868 229.349 13226.2
6 17 4105 223.062 12948.9
6 18 4450 215.239 12655.2
6 19 4819 219.508 12765.9
6 20 5146 223.072 12888.5
6 21 5432 222.745 12868.7
6 22 5708 219.949 12757.1
6 23 5941 217.4 12605.3
6 24 6171 210.791 12371.2
6 25 6407 209.732 12332.9
6 26 6644 196.71 11863.7
6 27 6881 196.525 11860.9
6 28 7127 196.725 11839.3
6 29 7365 188.748 11550.6
6 30 7590 191.966 11650.9
6 31 7810 194.402 11715.3
6 32 8031 193.921 11689.9
6 33 8255 203.47 11989.9
6 34 8478 199.781 11846.8
6 35 8699 193.555 11625.6
6 36 8920 183.485 11293.7
6 37 9139 179.898 11181.7
6 38 9357 178.779 11143.9
6 39 9569 174.162 10997.5
6 40 9804 176.527 11077.2
6 41 10040 175.301 11034
6 42 10273 177.154 11091.8
6 43 10506 173.395 10982.3
6 44 10738 170.564 10895
6 45 10972 173.477 11004.7
6 46 11207 168.593 10856.4
6 47 11443 173.032 11008.7
6 48 11679 180.851 11240.3
6 49 11914 176.953 11122
6 50 12146 173.162 11013.9
7 0 0 93.7174 12419.3
7 1 250 377.044 19530.5
7 2 492 378.418 19239.4
7 3 734 402.573 19227.1
7 4 974 337.24 16947.5
7 5 1213 309.143 15835.8
7 6 1464 294.118 15255.3
7 7 1705 292.053 15123.4
7 8 1945 307.717 15645.1
7 9 2185 290.59 15078.2
7 10 2425 266.119 14223.2
7 11 2665 255.62 13854.8
7 12 2905 257.45 13886.6
7 13 3145 266.813 14186.2
7 14 3386 275.69 14456.2
7 15 3627 264.715 14060.3
7 16 3867 253.415 13681
7 17 4108 276.298 14475.3
7 18 4349 262.957 13994.9
7 19 4586 240.065 13229.5
7 20 4826 235.258 13082.2
7 21 5066 231.75 12974.2
7 22 5306 225.803 12812.4
7 23 5547 229.467 12930.2
7 24 5788 220.536 12674.4
7 25 6028 212.103 12462.9
7 26 6269 211.009 12465
7 27 6508 207.701 12392.6
7 28 6747 230.327 13070.8
7 29 6986 218.244 12735.2
7 30 7227 219.863 12831.3
7 31 7467 217.151 12767.4
7 32 7708 216.099 12752.5
7 33 7948 214.95 12715
7 34 8187 216.968 12809.4
7 35 8426 209.432 12619.9
7 36 8665 221.362 12963.1
7 37 8905 212.114 12716.9
7 38 9145 203.93 12499.5
7 39 9386 203.134 12501.1
7 40 9626 201.262 12471
7 41 9865 204.465 12548.2
7 42 10106 200.062 12428.1
7 43 10345 205.731 12609.1
7 44 10585 205.66 12637.4
7 45 10825 203.046 12563.9
7 46 11064 205.905 12650.1
7 47 11304 202.012 12563.4
7 48 11543 203.607 12625.8
7 49 11782 199.973 12557.9
7 50 12022 207.395 12794.4
8 0 0 93.7174 12419.3
8 1 242 450.202 22392.4
8 2 483 478.08 23299.5
8 3 725 645.837 30937.9
8 4 966 537.706 26226.5
8 5 1204 520.324 25416.3
8 6 1444 504.885 24658.3
8 7 1685 504.073 24456.2
8 8 1927 537.591 25368.9
8 9 2170 440.651 21190.2
8 10 2416 451.552 21512.3
8 11 2659 429.216 20407.6
8 12 2901 405.425 19190.5
8 13 3143 362.68 17570.8
8 14 3386 396.851 18860.4
8 15 3629 416.538 19429.2
8 16 3872 421.913 19666.4
8 17 4115 421.257 19582.9
8 18 4358 375.917 17755.1
8 19 4600 367.657 17407.3
8 20 4842 364.186 17236.2
8 21 5085 372.622 17646.4
8 22 5328 387.513 18236.4
8 23 5570 348.447 16725.1
8 24 5812 334.924 16264.1
8 25 6054 320.529 15789
8 26 6297 341.877 16570.9
8 27 6539 393.758 18498.2
8 28 6781 363.456 17369.8
8 29 7023 321.47 15898.1
8 30 7265 322.404 15944.4
8 31 7508 331.121 16284
8 32 7750 347.184 16876.7
8 33 7994 325.04 16118.3
8 34 8237 326.784 16174.4
8 35 8480 314.111 15775.1
8 36 8722 329.447 16318.1
8 37 8964 320.392 16037.8
8 38 9206 308.188 15673.2
8 39 9447 322.54 16162.1
8 40 9690 310.951 15819.4
8 41 9932 310.199 15833.2
8 42 10174 296.257 15411.3
8 43 10415 289.921 15230.1
8 44 10656 282.898 15034
8 45 10900 276.977 14863.8
8 46 11142 275.964 14862.1
8 47 11385 267.296 14665.7
8 48 11627 261.301 14551.1
8 49 11869 256.855 14490.4
8 50 12111 265.141 14792.2
9 0 0 93.7174 12419.3
9 1 247 814.363 44114.2
9 2 490 993.094 52249.6
9 3 735 853.153 43761
9 4 979 827.694 40834.3
9 5 1219 817.931 40412.9
9 6 1457 724.494 34736.2
9 7 1695 572.33 26743.3
9 8 1941 618.401 26969.8
9 9 2182 535.091 23711.1
9 10 2428 497.458 22359.9
9 11 2674 484.284 22206.2
9 12 2917 439.299 20508.9
9 13 3156 422.9 19881.7
9 14 3397 440.192 20199.6
9 15 3640 421.664 19574.4
9 16 3883 411.039 19392.6
9 17 4130 392.868 18713.4
9 18 4374 413.748 19635.9
9 19 4620 379.284 18510.8
9 20 4868 383.95 18672.4
9 21 5112 354.971 17773
9 22 5352 355.257 17818.2
9 23 5593 339.367 17315.9
9 24 5840 347.974 17665
9 25 6087 378.255 18905.9
9 26 6329 382.024 19135.6
9 27 6569 348.456 18012.9
9 28 6809 341.215 17877.8
9 29 7049 416.328 20832.6
9 30 7294 382.165 19598.3
9 31 7538 363.911 18958.8
9 32 7783 329.895 17849.5
9 33 8024 334.555 18148.6
9 34 8265 335.976 18316.9
9 35 8506 315.405 17703.5
9 36 8747 311.101 17700.2
9 37 8993 302.671 17511.2
9 38 9241 292.167 17212.7
9 39 9489 304.257 17696.3
9 40 9878 302.232 17730.5
9 41 10221 283.193 17145.3
9 42 10486 281.312 17151.7
9 43 10734 272.542 16938.7
9 44 10982 263.507 16709.4
9 45 11232 253.789 16497.4
9 46 11481 246.702 16341.5
9 47 11728 242.218 16241
9 48 11978 236.85 16127.8
9 49 12225 244.157 16438
9 50 12476 254.998 16922
