0 0 0 135.531 10700.7
0 1 227 99.8342 7898.07
0 2 478 82.9423 6558.94
0 3 725 72.6644 5741.18
0 4 970 65.6268 5180.3
0 5 1215 60.4729 4769.86
0 6 1468 56.5274 4456.09
0 7 1721 53.401 4208.15
0 8 1974 50.8575 4006.85
0 9 2227 48.7403 3839.86
0 10 2496 46.9476 3698.56
0 11 2761 45.4037 3576.97
0 12 3043 44.0559 3471
0 13 3310 42.8677 3377.48
0 14 3575 41.8082 3294.13
0 15 3839 40.8559 3219.18
0 16 4094 39.9941 3151.23
0 17 4345 39.2089 3089.24
0 18 4590 38.4897 3032.37
0 19 4850 37.8278 2979.91
0 20 5099 37.216 2931.37
0 21 5360 36.6485 2886.21
0 22 5614 36.1203 2844.14
0 23 5866 35.6271 2804.82
0 24 6128 35.1655 2767.99
0 25 6390 34.7325 2733.42
0 26 6646 34.3254 2700.83
0 27 6909 33.9417 2670.14
0 28 7169 33.5797 2641.09
0 29 7427 33.2375 2613.65
0 30 7682 32.9135 2587.71
0 31 7946 32.6062 2563.05
0 32 8206 32.3144 2539.65
0 33 8466 32.037 2517.42
0 34 8716 31.7729 2496.27
0 35 8962 31.5212 2476.14
0 36 9231 31.2811 2456.91
0 37 9494 31.0518 2438.56
0 38 9742 30.8325 2421.02
0 39 9987 30.6227 2404.26
0 40 10247 30.4217 2388.21
0 41 10522 30.229 2372.85
0 42 10780 30.0442 2358.14
0 43 11042 29.8666 2344.07
0 44 11318 29.696 2330.5
0 45 11589 29.5318 2317.53
0 46 11844 29.3738 2305.01
0 47 12090 29.2216 2293
0 48 12343 29.0748 2281.44
0 49 12594 28.9332 2270.31
0 50 12840 28.7966 2259.58
0 51 13101 28.6645 2249.22
0 52 13369 28.5369 2239.21
0 53 13643 28.4134 2229.58
0 54 13919 28.294 2220.27
0 55 14181 28.1782 2211.28
0 56 14423 28.0661 2202.58
0 57 14672 27.9574 2194.15
0 58 14927 27.8519 2185.99
0 59 15190 27.7496 2178.09
0 60 15458 27.6501 2170.43
0 61 15724 27.5535 2163.02
0 62 15977 27.4596 2155.82
0 63 16232 27.3683 2148.86
0 64 16489 27.2795 2142.08
0 65 16751 27.1929 2135.49
0 66 17012 27.1087 2129.08
0 67 17299 27.0266 2122.86
0 68 17564 26.9466 2116.8
0 69 17830 26.8685 2110.9
0 70 18073 26.7924 2105.17
0 71 18324 26.7181 2099.58
0 72 18582 26.6456 2094.14
0 73 18834 26.5747 2088.83
0 74 19087 26.5055 2083.65
0 75 19337 26.4379 2078.61
0 76 19596 26.3717 2073.68
0 77 19848 26.307 2068.88
0 78 20113 26.2437 2064.19
0 79 20378 26.1818 2059.6
0 80 20632 26.1211 2055.13
0 81 20893 26.0617 2050.73
0 82 21152 26.0035 2046.44
0 83 21403 25.9465 2042.26
0 84 21663 25.8906 2038.17
0 85 21932 25.8358 2034.16
0 86 22200 25.7821 2030.23
0 87 22462 25.7294 2026.4
0 88 22718 25.6777 2022.63
0 89 22967 25.6269 2018.95
0 90 23212 25.5771 2015.34
0 91 23457 25.5282 2011.79
0 92 23708 25.4801 2008.31
0 93 23961 25.4329 2004.91
0 94 24208 25.3866 2001.56
0 95 24455 25.341 1998.29
0 96 24694 25.2962 1995.09
0 97 24937 25.2522 1991.94
0 98 25182 25.2088 1988.84
0 99 25425 25.1662 1985.8
0 100 25670 25.1243 1982.83
0 101 25919 25.0831 1979.9
0 102 26187 25.0425 1977
0 103 26449 25.0026 1974.16
0 104 26702 24.9633 1971.37
0 105 26963 24.9246 1968.63
0 106 27226 24.8864 1965.91
0 107 27486 24.8489 1963.27
0 108 27739 24.8119 1960.65
0 109 27992 24.7755 1958.08
0 110 28251 24.7396 1955.54
0 111 28495 24.7042 1953.05
0 112 28738 24.6693 1950.6
0 113 28985 24.6349 1948.19
0 114 29243 24.601 1945.82
0 115 29491 24.5676 1943.48
0 116 29740 24.5346 1941.18
0 117 29998 24.5021 1938.9
0 118 30251 24.47 1936.65
0 119 30498 24.4384 1934.45
0 120 30740 24.4071 1932.28
0 121 30986 24.3763 1930.14
0 122 31240 24.3459 1928.03
0 123 31478 24.3159 1925.94
0 124 31734 24.2863 1923.88
0 125 31999 24.257 1921.85
0 126 32250 24.2281 1919.87
0 127 32499 24.1996 1917.89
0 128 32760 24.1714 1915.96
0 129 33024 24.1436 1914.03
0 130 33293 24.1161 1912.13
0 131 33555 24.0889 1910.25
0 132 33808 24.0621 1908.4
0 133 34056 24.0356 1906.57
0 134 34301 24.0094 1904.76
0 135 34555 23.9835 1902.98
0 136 34802 23.9579 1901.23

