7 0 2140 0 0.626954 0.631577 0.0584812 0.0578029 0.0100215
7 0 2140 1 0.607855 0.46308 0.0572287 0.041034 0.0100215
7 0 2140 2 0.548302 0.596611 0.0758371 0.0667262 0.0100215
7 0 2140 3 0.588356 0.511975 0.063713 0.0326967 0.0100215
7 0 2140 4 0.565403 0.588294 0.0633549 0.0476121 0.0100215
7 0 2140 5 0.5813 0.57531 0.0578322 0.0519903 0.0100215
7 0 2140 6 0.563745 0.599481 0.0579591 0.0363913 0.0100215
7 0 2140 7 0.563913 0.601127 0.0566805 0.054083 0.0100215
7 0 2140 8 0.626422 0.538015 0.0697988 0.0310205 0.0100215
7 0 2140 9 0.607745 0.543955 0.0735763 0.0472338 0.0100215
7 0 2140 10 0.595717 0.561599 0.0667605 0.0407032 0.0100215
7 0 2140 11 0.610609 0.543211 0.064943 0.0276463 0.0100215
7 0 2140 12 0.636847 0.564623 0.0807698 0.0432319 0.0100215
7 0 2140 13 0.589393 0.587828 0.0665968 0.0522469 0.0100215
7 0 2140 14 0.611855 0.558687 0.0788911 0.0425519 0.0100215
7 0 2140 15 0.595516 0.572004 0.0654482 0.0377129 0.0100215
7 0 2140 16 0.596348 0.560836 0.0640416 0.0330977 0.0100215
7 0 2140 17 0.587496 0.569538 0.0643553 0.0322263 0.0100215
7 0 2140 18 0.613103 0.566694 0.0730157 0.0444565 0.0100215
7 0 2140 19 0.602657 0.564359 0.0695042 0.0423944 0.0100215
7 0 2140 20 0.598521 0.601961 0.0662496 0.0413928 0.0100215
7 0 2140 21 0.580076 0.548224 0.0686639 0.0343207 0.0100215
7 0 2140 22 0.593694 0.563828 0.0729826 0.0316343 0.0100215
7 0 2140 23 0.566313 0.552854 0.061016 0.0395555 0.0100215
7 0 2140 24 0.579209 0.57009 0.0647662 0.0344876 0.0100215
7 0 2140 25 0.621015 0.55883 0.0750646 0.0400861 0.0100215
7 0 2140 26 0.559631 0.563153 0.0640256 0.0386722 0.0100215
7 0 2140 27 0.574363 0.580091 0.0605913 0.040497 0.0100215
7 0 2140 28 0.605991 0.543713 0.068599 0.0331872 0.0100215
7 0 2140 29 0.59814 0.564596 0.065709 0.0428687 0.0100215
7 0 2140 30 0.571189 0.542038 0.0634209 0.0400797 0.0100215
7 0 2140 31 0.57812 0.545002 0.0597632 0.0380623 0.0100215
7 0 2140 32 0.615358 0.571142 0.0698359 0.0453924 0.0100215
7 0 2140 33 0.595231 0.569412 0.0616929 0.0415568 0.0100215
7 0 2140 34 0.611287 0.563343 0.0666023 0.0384719 0.0100215
7 0 2140 35 0.575517 0.560642 0.0671412 0.0330497 0.0100215
7 0 2140 36 0.587799 0.565776 0.0697446 0.0434571 0.0100215
7 0 2140 37 0.590752 0.559383 0.0604418 0.0408063 0.0100215
7 0 2140 38 0.588491 0.561908 0.0684853 0.0402343 0.0100215
7 0 2140 39 0.583121 0.559606 0.0605323 0.0367764 0.0100215
7 0 2140 40 0.589263 0.566357 0.0650115 0.0395946 0.0100215
7 0 2140 41 0.602637 0.562077 0.0630113 0.0410446 0.0100215
7 0 2140 42 0.587485 0.564636 0.0650667 0.0416841 0.0100215
7 0 2140 43 0.591022 0.567076 0.0699307 0.0377011 0.0100215
7 0 2140 44 0.599135 0.574926 0.06666 0.0439575 0.0100215
7 0 2140 45 0.594152 0.573493 0.0644355 0.0430058 0.0100215
7 0 2140 46 0.594881 0.550604 0.066619 0.0401387 0.0100215
7 0 2140 47 0.586908 0.566008 0.063574 0.0456434 0.0100215
7 0 2140 48 0.572785 0.551186 0.0590574 0.0382717 0.0100215
7 0 2140 49 0.590284 0.568918 0.0685546 0.0497315 0.0100215
7 0 2140 50 0.589362 0.564172 0.0592121 0.042994 0.0100215
7 0 2140 51 0.597519 0.563254 0.0672791 0.0397371 0.0100215
7 0 2140 52 0.59165 0.555988 0.0700052 0.0438042 0.0100215
7 0 2140 53 0.603133 0.56338 0.0676532 0.0379604 0.0100215
7 0 2140 54 0.589735 0.54936 0.0672756 0.0374 0.0100215
7 0 2140 55 0.59465 0.561333 0.0637871 0.0459562 0.0100215
7 0 2140 56 0.59552 0.549229 0.0631825 0.0393198 0.0100215
7 0 2140 57 0.597466 0.55704 0.0619642 0.0446816 0.0100215
7 0 2140 58 0.573358 0.569996 0.0599362 0.039876 0.0100215
7 0 2140 59 0.587475 0.568827 0.059575 0.0464322 0.0100215
7 0 2140 60 0.600133 0.555638 0.0686844 0.0363733 0.0100215
7 0 2140 61 0.585456 0.566512 0.0668708 0.0375077 0.0100215
7 0 2140 62 0.588895 0.570558 0.0676491 0.0412317 0.0100215
7 0 2140 63 0.584561 0.575083 0.0633719 0.0433944 0.0100215
7 0 2140 64 0.587741 0.56379 0.0663742 0.0441424 0.0100215
7 0 2140 65 0.594694 0.55342 0.0644148 0.0344774 0.0100215
7 0 2140 66 0.575849 0.56401 0.0621244 0.0399983 0.0100215
7 0 2140 67 0.602754 0.546479 0.0724027 0.0411505 0.0100215
7 0 2140 68 0.584243 0.566071 0.0630557 0.0445223 0.0100215
7 0 2140 69 0.598731 0.560853 0.065638 0.0371582 0.0100215
7 0 2140 70 0.589229 0.561911 0.0640976 0.0377784 0.0100215
7 0 2140 71 0.597082 0.570341 0.0702343 0.0389927 0.0100215
7 0 2140 72 0.581281 0.556642 0.0631413 0.0399243 0.0100215
7 0 2140 73 0.58545 0.574166 0.0675725 0.0413792 0.0100215
7 0 2140 74 0.591557 0.553608 0.0599414 0.0394336 0.0100215
7 0 2140 75 0.576087 0.557765 0.0637881 0.041924 0.0100215
7 0 2140 76 0.592362 0.558847 0.0634306 0.03829 0.0100215
7 0 2140 77 0.600705 0.549541 0.0674443 0.0392279 0.0100215
7 0 2140 78 0.588753 0.564786 0.0685717 0.0411756 0.0100215
7 0 2140 79 0.591294 0.557781 0.0685824 0.0409565 0.0100215
7 0 2140 80 0.58479 0.574713 0.0633142 0.0435139 0.0100215
7 0 2140 81 0.579477 0.570312 0.0623767 0.046977 0.0100215
7 0 2140 82 0.573794 0.557543 0.0601569 0.0395073 0.0100215
7 0 2140 83 0.603005 0.561855 0.0684632 0.0414281 0.0100215
7 0 2140 84 0.575661 0.546576 0.060455 0.0437689 0.0100215
7 0 2140 85 0.594556 0.561171 0.0678542 0.0421705 0.0100215
7 0 2140 86 0.58927 0.5653 0.0651652 0.0445386 0.0100215
7 0 2140 87 0.590602 0.554684 0.0648321 0.0374511 0.0100215
7 0 2140 88 0.59329 0.558052 0.0647456 0.0433819 0.0100215
7 0 2140 89 0.579862 0.567831 0.0628429 0.0383743 0.0100215
7 0 2140 90 0.584117 0.553566 0.0641257 0.0362074 0.0100215
7 0 2140 91 0.59098 0.56676 0.0656004 0.0374525 0.0100215
7 0 2140 92 0.586712 0.559787 0.0659132 0.0389478 0.0100215
7 0 2140 93 0.583208 0.566187 0.061104 0.0375944 0.0100215
7 0 2140 94 0.587859 0.570389 0.0668653 0.0404996 0.0100215
7 0 2140 95 0.580584 0.572237 0.0654516 0.0398725 0.0100215
7 0 2140 96 0.592926 0.562048 0.0644066 0.0387287 0.0100215
7 0 2140 97 0.591866 0.570329 0.0627245 0.0383225 0.0100215
7 0 2140 98 0.582836 0.569109 0.0642418 0.045371 0.0100215
7 0 2140 99 0.600241 0.571236 0.0692068 0.0421214 0.0100215
7 0 2140 100 0.584147 0.559873 0.0655824 0.0399375 0.0100215
7 0 2140 101 0.607238 0.555585 0.0660176 0.0420962 0.0100215
7 0 2140 102 0.569224 0.566755 0.0593088 0.0384183 0.0100215
7 0 2140 103 0.583554 0.575139 0.0634866 0.0432081 0.0100215
7 0 2140 104 0.577883 0.571604 0.0648691 0.0408131 0.0100215
7 0 2140 105 0.586922 0.565813 0.0642798 0.043306 0.0100215
7 0 2140 106 0.587315 0.56464 0.0643552 0.039118 0.0100215
7 0 2140 107 0.589427 0.565289 0.0657422 0.040551 0.0100215
7 0 2140 108 0.584755 0.561432 0.0665103 0.0409904 0.0100215
7 0 2140 109 0.584502 0.564979 0.0651272 0.0389601 0.0100215
7 0 2140 110 0.587093 0.567369 0.0652269 0.0383089 0.0100215
7 0 2140 111 0.592668 0.556615 0.0653762 0.0383266 0.0100215
7 0 2140 112 0.59158 0.562217 0.0650734 0.0375506 0.0100215
7 0 2140 113 0.593096 0.572324 0.0664952 0.0427006 0.0100215
7 0 2140 114 0.5899 0.562488 0.0639756 0.0373135 0.0100215
7 0 2140 115 0.589948 0.553799 0.0607206 0.0415115 0.0100215
7 0 2140 116 0.596822 0.571214 0.0683135 0.0417877 0.0100215
7 0 2140 117 0.594218 0.567686 0.0671899 0.042658 0.0100215
7 0 2140 118 0.591239 0.564511 0.0667697 0.0386536 0.0100215
7 0 2140 119 0.603185 0.560982 0.066191 0.0388886 0.0100215
7 0 2140 120 0.587634 0.562093 0.0628815 0.0424533 0.0100215
7 0 2140 121 0.594242 0.554566 0.0649797 0.0446607 0.0100215
7 0 2140 122 0.584919 0.558136 0.0653016 0.0420178 0.0100215
7 0 2140 123 0.580988 0.56915 0.0602783 0.0408112 0.0100215
7 0 2140 124 0.585587 0.570983 0.0634203 0.0427604 0.0100215
7 0 2140 125 0.593099 0.565607 0.064978 0.0408974 0.0100215
7 0 2140 126 0.592815 0.560061 0.0670852 0.0398923 0.0100215
7 0 2140 127 0.594268 0.559818 0.0654503 0.0400409 0.0100215
7 0 2140 128 0.598096 0.564562 0.0642856 0.0381524 0.0100215
7 0 2140 129 0.586532 0.565627 0.0621054 0.0452482 0.0100215
7 0 2140 130 0.581173 0.560546 0.0654948 0.0364047 0.0100215
7 0 2140 131 0.595101 0.576759 0.0650554 0.0440015 0.0100215
7 0 2140 132 0.589708 0.558162 0.0642828 0.0404682 0.0100215
7 0 2140 133 0.581971 0.570015 0.0617861 0.0423256 0.0100215
7 0 2140 134 0.585352 0.56444 0.0667989 0.0394775 0.0100215
7 0 2140 135 0.58728 0.560977 0.0648524 0.0422921 0.0100215
7 0 2140 136 0.583053 0.566202 0.0635654 0.0411909 0.0100215
7 0 2140 137 0.594139 0.558035 0.0654178 0.0381348 0.0100215
7 0 2140 138 0.590874 0.563642 0.0698184 0.0397286 0.0100215
7 0 2140 139 0.580833 0.565837 0.0638662 0.0442001 0.0100215
7 0 2140 140 0.583757 0.566928 0.0665077 0.0423562 0.0100215
7 0 2140 141 0.596042 0.568322 0.0664606 0.0404882 0.0100215
7 0 2140 142 0.592733 0.563603 0.0678123 0.0415482 0.0100215
7 0 2140 143 0.589263 0.560937 0.0644036 0.0405578 0.0100215
7 0 2140 144 0.586944 0.555585 0.0648381 0.0357566 0.0100215
7 0 2140 145 0.600809 0.57676 0.0683643 0.0432599 0.0100215
7 0 2140 146 0.595904 0.566568 0.0637258 0.0426175 0.0100215
7 0 2140 147 0.590482 0.558479 0.0659259 0.0408833 0.0100215
7 0 2140 148 0.588843 0.566267 0.0666288 0.0410804 0.0100215
7 0 2140 149 0.588901 0.556454 0.0659397 0.0404011 0.0100215
7 0 2140 150 0.592136 0.559538 0.0644727 0.0396784 0.0100215
7 0 2140 151 0.594925 0.565571 0.064188 0.0395101 0.0100215
7 0 2140 152 0.580798 0.568559 0.0640475 0.0437228 0.0100215
7 0 2140 153 0.597144 0.561683 0.0660545 0.040799 0.0100215
7 0 2140 154 0.586871 0.567088 0.0639029 0.0403222 0.0100215
7 0 2140 155 0.598312 0.562052 0.0667161 0.0419075 0.0100215
7 0 2140 156 0.58855 0.556552 0.0664666 0.0389768 0.0100215
7 0 2140 157 0.583077 0.563027 0.0631947 0.04127 0.0100215
7 0 2140 158 0.584997 0.562357 0.0650356 0.0400544 0.0100215
7 0 2140 159 0.597493 0.56335 0.0672733 0.0412635 0.0100215
7 0 2140 160 0.583653 0.561841 0.0661277 0.0423025 0.0100215
7 0 2140 161 0.59632 0.563162 0.06752 0.0402658 0.0100215
7 0 2140 162 0.589669 0.558403 0.0671112 0.0402867 0.0100215
7 0 2140 163 0.600984 0.554314 0.06983 0.0391486 0.0100215
7 0 2140 164 0.59906 0.570609 0.0666872 0.0444543 0.0100215
7 0 2140 165 0.585558 0.569197 0.066428 0.0429512 0.0100215
7 0 2140 166 0.593479 0.567404 0.0678634 0.0434988 0.0100215
7 0 2140 167 0.601196 0.567026 0.0673047 0.0421188 0.0100215
7 0 2140 168 0.58558 0.571554 0.06712 0.0419437 0.0100215
7 0 2140 169 0.581424 0.562965 0.06389 0.0400536 0.0100215
7 0 2140 170 0.587545 0.560201 0.0673624 0.0397579 0.0100215
7 0 2140 171 0.587916 0.570006 0.0640634 0.0413854 0.0100215
7 0 2140 172 0.595294 0.5719 0.0671723 0.0413997 0.0100215
7 0 2140 173 0.589203 0.573576 0.0655673 0.0431824 0.0100215
7 0 2140 174 0.587598 0.570969 0.0635176 0.0434378 0.0100215
7 0 2140 175 0.583814 0.569906 0.0661065 0.0428179 0.0100215
7 0 2140 176 0.592853 0.573959 0.0652032 0.043718 0.0100215
7 0 2140 177 0.593223 0.564468 0.0644695 0.0358935 0.0100215
7 0 2140 178 0.592795 0.565153 0.0657651 0.0403912 0.0100215
7 0 2140 179 0.586432 0.571064 0.0655068 0.0425829 0.0100215
7 0 2140 180 0.598811 0.572819 0.0665456 0.0399384 0.0100215
7 0 2140 181 0.586391 0.567938 0.0649341 0.0413604 0.0100215
7 0 2140 182 0.593927 0.558086 0.0663309 0.0411989 0.0100215
7 0 2140 183 0.583003 0.565093 0.0630723 0.0421137 0.0100215
7 0 2140 184 0.600588 0.566035 0.0671459 0.0421155 0.0100215
7 0 2140 185 0.587455 0.556723 0.0636648 0.040831 0.0100215
7 0 2140 186 0.593483 0.555809 0.0676803 0.0397915 0.0100215
7 0 2140 187 0.597869 0.562941 0.0629863 0.0383742 0.0100215
7 0 2140 188 0.588743 0.566333 0.0647694 0.0434582 0.0100215
7 0 2140 189 0.592084 0.562827 0.067073 0.0408729 0.0100215
7 0 2140 190 0.590553 0.559491 0.063859 0.0416661 0.0100215
7 0 2140 191 0.587879 0.568467 0.0656001 0.0412186 0.0100215
7 0 2140 192 0.593095 0.561551 0.0671402 0.0426027 0.0100215
7 0 2140 193 0.587364 0.56371 0.067365 0.0410397 0.0100215
7 0 2140 194 0.593984 0.557344 0.0646168 0.039162 0.0100215
7 0 2140 195 0.5825 0.572484 0.0612087 0.0429283 0.0100215
7 0 2140 196 0.594786 0.558795 0.0653358 0.0399719 0.0100215
7 0 2140 197 0.592143 0.567089 0.0651519 0.0399427 0.0100215
7 0 2140 198 0.596395 0.565999 0.0677527 0.0416194 0.0100215
7 0 2140 199 0.589978 0.55591 0.0647015 0.0401743 0.0100215
7 0 2140 200 0.594488 0.570033 0.0666407 0.0434163 0.0100215
7 0 2140 201 0.598735 0.567147 0.0689236 0.0400458 0.0100215
7 0 2140 202 0.589666 0.553785 0.0632885 0.0432113 0.0100215
7 0 2140 203 0.57983 0.566216 0.0626534 0.0414317 0.0100215
7 0 2140 204 0.581106 0.569679 0.0613132 0.0436231 0.0100215
7 0 2140 205 0.585505 0.555542 0.0662619 0.0406358 0.0100215
7 0 2140 206 0.592847 0.558557 0.0639299 0.041015 0.0100215
7 0 2140 207 0.594027 0.566827 0.0655567 0.0402692 0.0100215
7 0 2140 208 0.59682 0.56973 0.0646597 0.043226 0.0100215
7 0 2140 209 0.591515 0.570742 0.0648642 0.0435258 0.0100215
7 0 2140 210 0.584641 0.561139 0.0640131 0.0419423 0.0100215
7 0 2140 211 0.590809 0.571053 0.0647872 0.042549 0.0100215
7 0 2140 212 0.592863 0.575398 0.0629268 0.0432663 0.0100215
7 0 2140 213 0.588934 0.562255 0.0629845 0.0405732 0.0100215
7 0 2140 214 0.585744 0.5621 0.0640522 0.0382811 0.0100215
7 0 2140 215 0.599942 0.568149 0.0670193 0.0386386 0.0100215
7 0 2140 216 0.587164 0.564993 0.0653909 0.0382959 0.0100215
7 0 2140 217 0.596221 0.570129 0.0643929 0.0403725 0.0100215
7 0 2140 218 0.58966 0.562695 0.0652113 0.0374265 0.0100215
7 0 2140 219 0.587783 0.562125 0.0650181 0.0430184 0.0100215
7 0 2140 220 0.589509 0.565778 0.0650715 0.0452429 0.0100215
7 0 2140 221 0.580499 0.566969 0.0640009 0.040474 0.0100215
7 0 2140 222 0.593079 0.552972 0.0636172 0.04032 0.0100215
7 0 2140 223 0.594813 0.563213 0.0655265 0.0380717 0.0100215
7 0 2140 224 0.581889 0.564972 0.0643863 0.043505 0.0100215
7 0 2140 225 0.587993 0.562577 0.0644237 0.0399516 0.0100215
7 0 2140 226 0.590556 0.5578 0.0644873 0.0387961 0.0100215
7 0 2140 227 0.592444 0.564846 0.0648783 0.0420209 0.0100215
7 0 2140 228 0.593652 0.567128 0.0672118 0.0433209 0.0100215
7 0 2140 229 0.596449 0.557292 0.0676448 0.0373392 0.0100215
7 0 2140 230 0.58829 0.558951 0.0644362 0.0391947 0.0100215
7 0 2140 231 0.591668 0.563101 0.0677203 0.0424011 0.0100215
7 0 2140 232 0.58176 0.56106 0.0650074 0.0387557 0.0100215
7 0 2140 233 0.591435 0.573687 0.065016 0.0456827 0.0100215
7 0 2140 234 0.589548 0.566554 0.0648305 0.0422683 0.0100215
7 0 2140 235 0.587363 0.565299 0.0645363 0.040776 0.0100215
7 0 2140 236 0.587365 0.558506 0.0646344 0.0383037 0.0100215
7 0 2140 237 0.583866 0.563399 0.0644893 0.0391437 0.0100215
7 0 2140 238 0.593148 0.572055 0.0669167 0.0420393 0.0100215
7 0 2140 239 0.575943 0.563169 0.0635925 0.0426631 0.0100215
7 0 2140 240 0.581027 0.567359 0.0631966 0.0416735 0.0100215
7 0 2140 241 0.596076 0.56455 0.0655158 0.0408596 0.0100215
7 0 2140 242 0.589698 0.558626 0.0654706 0.0379059 0.0100215
7 0 2140 243 0.593781 0.567204 0.0650352 0.039168 0.0100215
7 0 2140 244 0.587389 0.564088 0.0644025 0.0417089 0.0100215
7 0 2140 245 0.591002 0.563963 0.0640739 0.0394831 0.0100215
7 0 2140 246 0.58255 0.558943 0.0629856 0.0416155 0.0100215
7 0 2140 247 0.585336 0.570537 0.0648811 0.0398327 0.0100215
7 0 2140 248 0.595776 0.568023 0.0686599 0.0407151 0.0100215
7 0 2140 249 0.594496 0.561413 0.0664006 0.0398798 0.0100215
7 0 2140 250 0.591039 0.566658 0.0668732 0.0396763 0.0100215
7 0 2140 251 0.594301 0.568738 0.0664927 0.0392651 0.0100215
7 0 2140 252 0.601234 0.563734 0.0697679 0.0384246 0.0100215
7 0 2140 253 0.590033 0.550761 0.0642307 0.0392965 0.0100215
7 0 2140 254 0.596769 0.557672 0.0670323 0.042308 0.0100215
7 0 2140 255 0.58248 0.564185 0.0637329 0.0420361 0.0100215
7 0 2140 256 0.598148 0.564739 0.0671759 0.0409269 0.0100215
7 0 2140 257 0.590138 0.56551 0.0644166 0.0416502 0.0100215
7 0 2140 258 0.592929 0.559537 0.0645164 0.0400098 0.0100215
7 0 2140 259 0.583779 0.563988 0.0640102 0.0413043 0.0100215
7 0 2140 260 0.592735 0.56803 0.066464 0.0376432 0.0100215
7 0 2140 261 0.587726 0.561827 0.0655459 0.0421198 0.0100215
7 0 2140 262 0.596654 0.56568 0.0657875 0.0392652 0.0100215
7 0 2140 263 0.596994 0.555074 0.0647739 0.041283 0.0100215
7 0 2140 264 0.584768 0.562831 0.0661023 0.0413501 0.0100215
7 0 2140 265 0.594742 0.562947 0.0685399 0.0413788 0.0100215
7 0 2140 266 0.589541 0.55648 0.0630167 0.0401492 0.0100215
7 0 2140 267 0.587768 0.565244 0.0652485 0.0413188 0.0100215
7 0 2140 268 0.580761 0.56771 0.064498 0.040821 0.0100215
7 0 2140 269 0.586379 0.567559 0.0624654 0.0421 0.0100215
7 0 2140 270 0.597482 0.563466 0.0652508 0.0437829 0.0100215
7 0 2140 271 0.586977 0.559696 0.0652249 0.0414493 0.0100215
7 0 2140 272 0.592362 0.559449 0.0646359 0.0439797 0.0100215
7 0 2140 273 0.593548 0.568705 0.0626396 0.0408125 0.0100215
7 0 2140 274 0.592362 0.560846 0.0620352 0.0416981 0.0100215
7 0 2140 275 0.583679 0.564128 0.0639755 0.0403128 0.0100215
7 0 2140 276 0.593472 0.566546 0.0638572 0.0416647 0.0100215
7 0 2140 277 0.594097 0.56723 0.0655995 0.0407555 0.0100215
7 0 2140 278 0.589379 0.56416 0.0649092 0.0368458 0.0100215
7 0 2140 279 0.592865 0.563417 0.0632687 0.0398077 0.0100215
7 0 2140 280 0.591854 0.56335 0.0667142 0.0387605 0.0100215
7 0 2140 281 0.584449 0.568042 0.0637711 0.0431335 0.0100215
7 0 2140 282 0.585638 0.568052 0.0663611 0.0400489 0.0100215
7 0 2140 283 0.596206 0.56706 0.0679019 0.0428499 0.0100215
7 0 2140 284 0.581791 0.567401 0.0642268 0.0407506 0.0100215
7 0 2140 285 0.584687 0.560342 0.064288 0.0403537 0.0100215
7 0 2140 286 0.59376 0.562538 0.0661381 0.039382 0.0100215
7 0 2140 287 0.594739 0.566502 0.0632817 0.0407755 0.0100215
7 0 2140 288 0.589172 0.56488 0.0637309 0.0431595 0.0100215
7 0 2140 289 0.587249 0.561908 0.0641893 0.0419511 0.0100215
7 0 2140 290 0.594298 0.561199 0.0649181 0.0385178 0.0100215
7 0 2140 291 0.58612 0.565283 0.0637825 0.0397921 0.0100215
7 0 2140 292 0.592072 0.557168 0.0651794 0.0388573 0.0100215
7 0 2140 293 0.59571 0.565883 0.0678261 0.0432585 0.0100215
7 0 2140 294 0.591061 0.568908 0.0639514 0.0411021 0.0100215
7 0 2140 295 0.585794 0.567421 0.0641392 0.0422312 0.0100215
7 0 2140 296 0.582173 0.569537 0.0628986 0.0422713 0.0100215
7 0 2140 297 0.588859 0.56318 0.0640867 0.0417002 0.0100215
7 0 2140 298 0.591633 0.565364 0.065117 0.04059 0.0100215
7 0 2140 299 0.595608 0.565804 0.0640531 0.0411858 0.0100215
7 0 2140 300 0.592483 0.561947 0.0633007 0.0398115 0.0100215
7 0 2140 301 0.597426 0.565543 0.0649388 0.0433652 0.0100215
7 0 2140 302 0.591383 0.565673 0.0637278 0.0417135 0.0100215
7 0 2140 303 0.589688 0.561191 0.06471 0.0400755 0.0100215
7 0 2140 304 0.590683 0.566937 0.0656296 0.0395435 0.0100215
7 0 2140 305 0.59606 0.568527 0.0656773 0.0394796 0.0100215
7 0 2140 306 0.594408 0.556777 0.0633025 0.0393828 0.0100215
7 0 2140 307 0.594815 0.566524 0.0660588 0.0406556 0.0100215
7 0 2140 308 0.587848 0.5604 0.0663533 0.0417457 0.0100215
7 0 2140 309 0.590182 0.560236 0.0642542 0.0400296 0.0100215
7 0 2140 310 0.58794 0.557213 0.0643214 0.0418523 0.0100215
7 0 2140 311 0.592579 0.565377 0.0683235 0.0404743 0.0100215
7 0 2140 312 0.589176 0.566056 0.0658339 0.0413998 0.0100215
7 0 2140 313 0.58087 0.561494 0.0660519 0.0391454 0.0100215
7 0 2140 314 0.594221 0.563749 0.0670707 0.040773 0.0100215
7 0 2140 315 0.594813 0.561168 0.0662829 0.039365 0.0100215
7 0 2140 316 0.590459 0.557876 0.0670044 0.0370225 0.0100215
7 0 2140 317 0.591553 0.564635 0.0645131 0.0412114 0.0100215
7 0 2140 318 0.588139 0.560451 0.0653152 0.0410482 0.0100215
7 0 2140 319 0.586535 0.564856 0.0652304 0.04255 0.0100215
7 0 2140 320 0.586452 0.56233 0.0637547 0.0411949 0.0100215
7 0 2140 321 0.580649 0.572455 0.0643768 0.0430613 0.0100215
7 0 2140 322 0.590998 0.561874 0.0652119 0.0392271 0.0100215
7 0 2140 323 0.595376 0.564903 0.0665651 0.0407023 0.0100215
7 0 2140 324 0.586297 0.566214 0.0633891 0.0411764 0.0100215
7 0 2140 325 0.596176 0.560907 0.0672504 0.0399704 0.0100215
7 0 2140 326 0.5932 0.57009 0.0652079 0.0434203 0.0100215
7 0 2140 327 0.588523 0.560663 0.0653316 0.0431641 0.0100215
7 0 2140 328 0.594291 0.563123 0.0661328 0.0388194 0.0100215
7 0 2140 329 0.589603 0.562359 0.0633881 0.0389214 0.0100215
7 0 2140 330 0.597611 0.561298 0.0661985 0.0408286 0.0100215
7 0 2140 331 0.592404 0.564869 0.066134 0.0398886 0.0100215
7 0 2140 332 0.596267 0.56215 0.06699 0.0398 0.0100215
7 0 2140 333 0.590888 0.561905 0.0660988 0.0399441 0.0100215
7 0 2140 334 0.58619 0.564516 0.0629144 0.0428458 0.0100215
7 0 2140 335 0.591012 0.569495 0.06436 0.0425992 0.0100215
7 0 2140 336 0.591232 0.559371 0.0639462 0.0417687 0.0100215
7 0 2140 337 0.590777 0.563663 0.0645769 0.0397999 0.0100215
7 0 2140 338 0.579344 0.56261 0.0643167 0.039043 0.0100215
7 0 2140 339 0.592376 0.564585 0.0647481 0.0415582 0.0100215
7 0 2140 340 0.588215 0.563626 0.0644385 0.0409209 0.0100215
7 0 2140 341 0.596548 0.559688 0.0665605 0.0422334 0.0100215
7 0 2140 342 0.590365 0.565927 0.0659947 0.0419041 0.0100215
7 0 2140 343 0.582912 0.559533 0.0641438 0.0402832 0.0100215
7 0 2140 344 0.592065 0.565144 0.0667429 0.0393227 0.0100215
7 0 2140 345 0.585856 0.559413 0.0657044 0.0395503 0.0100215
7 0 2140 346 0.597394 0.561086 0.0690143 0.0413429 0.0100215
7 0 2140 347 0.588587 0.562779 0.063521 0.0401284 0.0100215
7 0 2140 348 0.589995 0.560208 0.0660597 0.0415233 0.0100215
7 0 2140 349 0.592683 0.564848 0.0666703 0.0404286 0.0100215
7 0 2140 350 0.589085 0.56818 0.0648699 0.0415204 0.0100215
7 0 2140 351 0.584716 0.565824 0.0633845 0.0433401 0.0100215
7 0 2140 352 0.587285 0.565982 0.0641121 0.0398088 0.0100215
7 0 2140 353 0.592715 0.558133 0.0657641 0.039859 0.0100215
7 0 2140 354 0.590631 0.5613 0.0639168 0.0377246 0.0100215
7 0 2140 355 0.602043 0.568127 0.0665014 0.0419638 0.0100215
7 0 2140 356 0.591075 0.56446 0.0644297 0.0439138 0.0100215
7 0 2140 357 0.586843 0.565941 0.0655023 0.0411417 0.0100215
7 0 2140 358 0.596162 0.564579 0.064958 0.0412438 0.0100215
7 0 2140 359 0.591086 0.56538 0.0637879 0.0399037 0.0100215
7 0 2140 360 0.585802 0.557169 0.0650525 0.0394121 0.0100215
7 0 2140 361 0.583813 0.562365 0.0649555 0.0390425 0.0100215
7 0 2140 362 0.59049 0.564949 0.0663398 0.0436872 0.0100215
7 0 2140 363 0.596157 0.5681 0.0651804 0.0421633 0.0100215
7 0 2140 364 0.581886 0.564204 0.0649194 0.041251 0.0100215
7 0 2140 365 0.594819 0.557431 0.0626279 0.038536 0.0100215
7 0 2140 366 0.593274 0.56589 0.0674043 0.0412484 0.0100215
7 0 2140 367 0.588607 0.566898 0.0642972 0.0401719 0.0100215
7 0 2140 368 0.581347 0.563718 0.0620006 0.0408237 0.0100215
7 0 2140 369 0.594046 0.561365 0.0659946 0.0411227 0.0100215
7 0 2140 370 0.592508 0.563199 0.0646843 0.0414387 0.0100215
7 0 2140 371 0.592448 0.555658 0.0651084 0.0394629 0.0100215
7 0 2140 372 0.594041 0.561059 0.0650992 0.0407687 0.0100215
7 0 2140 373 0.593204 0.566149 0.0667317 0.0426694 0.0100215
7 0 2140 374 0.594328 0.568933 0.066982 0.0410781 0.0100215
7 0 2140 375 0.591445 0.56129 0.0670767 0.0396159 0.0100215
7 0 2140 376 0.582488 0.560756 0.0663059 0.0409459 0.0100215
7 0 2140 377 0.589068 0.564436 0.0663468 0.0409855 0.0100215
7 0 2140 378 0.592137 0.563202 0.0643954 0.0396108 0.0100215
7 0 2140 379 0.596242 0.565227 0.0659343 0.0416805 0.0100215
7 0 2140 380 0.5957 0.56242 0.0667646 0.0427591 0.0100215
7 0 2140 381 0.587633 0.563024 0.0633914 0.0400384 0.0100215
7 0 2140 382 0.585233 0.566723 0.0640382 0.0415125 0.0100215
7 0 2140 383 0.587553 0.570022 0.0633251 0.0425024 0.0100215
7 0 2140 384 0.590933 0.567819 0.0658292 0.0399037 0.0100215
7 0 2140 385 0.58504 0.563018 0.0645938 0.0406747 0.0100215
7 0 2140 386 0.587211 0.562555 0.0651274 0.0409063 0.0100215
7 0 2140 387 0.589248 0.563331 0.0640623 0.0387807 0.0100215
7 0 2140 388 0.590215 0.568264 0.0655045 0.0388931 0.0100215
7 0 2140 389 0.586356 0.572735 0.0646456 0.0420494 0.0100215
7 0 2140 390 0.585636 0.567581 0.0647925 0.0428405 0.0100215
7 0 2140 391 0.591676 0.562613 0.0649607 0.0410059 0.0100215
7 0 2140 392 0.58732 0.561517 0.0640777 0.0421094 0.0100215
7 0 2140 393 0.588619 0.564718 0.0645277 0.0414662 0.0100215
7 0 2140 394 0.592503 0.562536 0.0644437 0.0408548 0.0100215
7 0 2140 395 0.589667 0.565707 0.0628224 0.0436173 0.0100215
7 0 2140 396 0.592095 0.570286 0.0653028 0.0409978 0.0100215
7 0 2140 397 0.592442 0.567327 0.0661556 0.0392679 0.0100215
7 0 2140 398 0.591255 0.562345 0.0648043 0.040989 0.0100215
7 0 2140 399 0.592586 0.568441 0.0649321 0.0414369 0.0100215
7 0 2140 400 0.594463 0.570215 0.0658264 0.0418512 0.0100215
7 0 2140 401 0.589319 0.559992 0.0658904 0.0402153 0.0100215
7 0 2140 402 0.595997 0.562282 0.0663027 0.0391075 0.0100215
7 0 2140 403 0.591076 0.560971 0.0659897 0.0422374 0.0100215
7 0 2140 404 0.583114 0.559756 0.0647311 0.0411379 0.0100215
7 0 2140 405 0.585063 0.565286 0.0663147 0.04017 0.0100215
7 0 2140 406 0.590916 0.567453 0.065844 0.0419805 0.0100215
7 0 2140 407 0.583248 0.565065 0.0652247 0.0408071 0.0100215
7 0 2140 408 0.591825 0.562374 0.0645299 0.044546 0.0100215
7 0 2140 409 0.595012 0.564138 0.066978 0.040509 0.0100215
7 0 2140 410 0.595795 0.565375 0.0656822 0.0422576 0.0100215
7 0 2140 411 0.586049 0.573639 0.0658864 0.0436758 0.0100215
7 0 2140 412 0.586272 0.566964 0.0634657 0.0423102 0.0100215
7 0 2140 413 0.584211 0.566696 0.0623777 0.041825 0.0100215
7 0 2140 414 0.593574 0.561936 0.0651083 0.0386605 0.0100215
7 0 2140 415 0.585476 0.56053 0.0650666 0.0400124 0.0100215
7 0 2140 416 0.592908 0.568581 0.0648072 0.0414032 0.0100215
7 0 2140 417 0.590248 0.562922 0.0648147 0.0405713 0.0100215
7 0 2140 418 0.591925 0.565909 0.0657946 0.040792 0.0100215
7 0 2140 419 0.588624 0.5623 0.0675948 0.0407691 0.0100215
7 0 2140 420 0.585801 0.562231 0.0650175 0.0411946 0.0100215
7 0 2140 421 0.593418 0.560313 0.0672828 0.0405477 0.0100215
7 0 2140 422 0.588723 0.566726 0.0644937 0.0427703 0.0100215
7 0 2140 423 0.593489 0.564892 0.0657298 0.040304 0.0100215
7 0 2140 424 0.589053 0.561628 0.0652277 0.0427267 0.0100215
7 0 2140 425 0.584531 0.562851 0.0655205 0.0424486 0.0100215
7 0 2140 426 0.589854 0.566688 0.0657893 0.0419462 0.0100215
7 0 2140 427 0.582792 0.569615 0.0634881 0.0422231 0.0100215
7 0 2140 428 0.595664 0.560975 0.065138 0.0415729 0.0100215
7 0 2140 429 0.587696 0.565456 0.0629805 0.0415576 0.0100215
7 0 2140 430 0.591693 0.559358 0.0653339 0.040042 0.0100215
7 0 2140 431 0.587914 0.565869 0.0651764 0.0403319 0.0100215
7 0 2140 432 0.589765 0.567679 0.0639195 0.040173 0.0100215
7 0 2140 433 0.588623 0.561404 0.0661261 0.0417127 0.0100215
7 0 2140 434 0.581305 0.569868 0.0632152 0.0415208 0.0100215
7 0 2140 435 0.589889 0.563161 0.0654055 0.0390463 0.0100215
7 0 2140 436 0.591446 0.566603 0.0654602 0.0409585 0.0100215
7 0 2140 437 0.587674 0.571657 0.0656808 0.043708 0.0100215
7 0 2140 438 0.59558 0.565565 0.0672843 0.0409387 0.0100215
7 0 2140 439 0.588776 0.562369 0.0654503 0.0403695 0.0100215
7 0 2140 440 0.588799 0.563206 0.0653694 0.0411395 0.0100215
7 0 2140 441 0.591009 0.562831 0.0651789 0.0386406 0.0100215
7 0 2140 442 0.593965 0.570761 0.0661362 0.0449309 0.0100215
7 0 2140 443 0.590747 0.564271 0.0655087 0.0392124 0.0100215
7 0 2140 444 0.589526 0.563561 0.0645106 0.0404587 0.0100215
7 0 2140 445 0.591798 0.564484 0.065373 0.0420176 0.0100215
7 0 2140 446 0.591565 0.563879 0.0640014 0.0412463 0.0100215
7 0 2140 447 0.593005 0.566281 0.0660751 0.0414653 0.0100215
7 0 2140 448 0.588 0.557245 0.0646012 0.0400038 0.0100215
7 0 2140 449 0.588398 0.568627 0.0641812 0.0419587 0.0100215
7 0 2140 450 0.592299 0.56329 0.0641345 0.0398647 0.0100215
7 0 2140 451 0.590151 0.564103 0.064659 0.0380342 0.0100215
7 0 2140 452 0.593113 0.565414 0.0656378 0.0446814 0.0100215
7 0 2140 453 0.588348 0.565817 0.0650547 0.0407272 0.0100215
7 0 2140 454 0.589984 0.565214 0.0643261 0.0424568 0.0100215
7 0 2140 455 0.591971 0.55996 0.0663973 0.0395275 0.0100215
7 0 2140 456 0.589265 0.56361 0.0645071 0.0396435 0.0100215
7 0 2140 457 0.592529 0.567045 0.063142 0.0398577 0.0100215
7 0 2140 458 0.589361 0.56223 0.0644981 0.039995 0.0100215
7 0 2140 459 0.590391 0.566528 0.0651559 0.0406157 0.0100215
7 0 2140 460 0.584415 0.568008 0.0652847 0.0412528 0.0100215
7 0 2140 461 0.589689 0.565049 0.0639363 0.0417512 0.0100215
7 0 2140 462 0.596411 0.565377 0.0675634 0.0420554 0.0100215
7 0 2140 463 0.587587 0.563747 0.0642848 0.0408434 0.0100215
7 0 2140 464 0.591998 0.561656 0.0655621 0.0401449 0.0100215
7 0 2140 465 0.593568 0.565158 0.0667416 0.0437139 0.0100215
7 0 2140 466 0.587573 0.562096 0.0645668 0.0422906 0.0100215
7 0 2140 467 0.580957 0.563459 0.0644571 0.0433236 0.0100215
7 0 2140 468 0.585035 0.560086 0.0637011 0.0394617 0.0100215
7 0 2140 469 0.593118 0.564707 0.0662557 0.0411741 0.0100215
7 0 2140 470 0.59588 0.562649 0.0668037 0.0402155 0.0100215
7 0 2140 471 0.588307 0.557967 0.0656396 0.0410453 0.0100215
7 0 2140 472 0.592305 0.563143 0.0647552 0.0403177 0.0100215
7 0 2140 473 0.595709 0.562515 0.066233 0.0400265 0.0100215
7 0 2140 474 0.586929 0.55646 0.0638929 0.0403755 0.0100215
7 0 2140 475 0.591231 0.565391 0.0643386 0.0398009 0.0100215
7 0 2140 476 0.592612 0.560959 0.0655499 0.0408259 0.0100215
7 0 2140 477 0.594717 0.564915 0.0667996 0.0385716 0.0100215
7 0 2140 478 0.588911 0.56583 0.0650112 0.04248 0.0100215
7 0 2140 479 0.593211 0.561649 0.064061 0.0401082 0.0100215
7 0 2140 480 0.590989 0.564837 0.0657905 0.0397047 0.0100215
7 0 2140 481 0.58728 0.560613 0.0657238 0.0410595 0.0100215
7 0 2140 482 0.588446 0.571079 0.063864 0.0417007 0.0100215
7 0 2140 483 0.591823 0.565654 0.0647175 0.0380801 0.0100215
7 0 2140 484 0.594452 0.561591 0.0665671 0.0417028 0.0100215
7 0 2140 485 0.586066 0.563093 0.0640931 0.0394644 0.0100215
7 0 2140 486 0.586632 0.568347 0.0651097 0.0412212 0.0100215
7 0 2140 487 0.592393 0.569369 0.0663673 0.0442799 0.0100215
7 0 2140 488 0.590852 0.567101 0.0649669 0.0414248 0.0100215
7 0 2140 489 0.592656 0.558999 0.0655287 0.040702 0.0100215
7 0 2140 490 0.595284 0.561588 0.0661188 0.0418661 0.0100215
7 0 2140 491 0.591321 0.569569 0.0654093 0.0421651 0.0100215
7 0 2140 492 0.586576 0.565152 0.064925 0.0421339 0.0100215
7 0 2140 493 0.592178 0.56006 0.0668112 0.0416462 0.0100215
7 0 2140 494 0.596228 0.568064 0.0667143 0.0412041 0.0100215
7 0 2140 495 0.592592 0.560939 0.0649683 0.0399015 0.0100215
7 0 2140 496 0.598365 0.567551 0.0667014 0.0414352 0.0100215
7 0 2140 497 0.591788 0.564921 0.0648458 0.0407642 0.0100215
7 0 2140 498 0.587658 0.568416 0.0648638 0.0416358 0.0100215
7 0 2140 499 0.588929 0.560309 0.0644249 0.0396315 0.0100215
7 0 2140 500 0.589429 0.566102 0.0665681 0.0399457 0.0100215
7 0 2140 501 0.595466 0.56324 0.0653188 0.040908 0.0100215
7 0 2140 502 0.590513 0.562742 0.0656852 0.0415145 0.0100215
7 0 2140 503 0.599048 0.567199 0.0661417 0.0426276 0.0100215
7 0 2140 504 0.581972 0.565041 0.0646402 0.0418723 0.0100215
7 0 2140 505 0.585743 0.560144 0.0648512 0.0391748 0.0100215
7 0 2140 506 0.59082 0.561378 0.0652365 0.0403684 0.0100215
7 0 2140 507 0.591548 0.56452 0.0657048 0.0400893 0.0100215
7 0 2140 508 0.584539 0.565118 0.0638091 0.0404097 0.0100215
7 0 2140 509 0.590614 0.565775 0.064754 0.0414036 0.0100215
7 0 2140 510 0.586339 0.56449 0.0655748 0.0413914 0.0100215
7 0 2140 511 0.596283 0.564252 0.0651891 0.0414109 0.0100215
7 0 2140 512 0.592555 0.56 0.0656667 0.0399193 0.0100215
7 0 2140 513 0.590397 0.567877 0.0633396 0.0408501 0.0100215
7 0 2140 514 0.589882 0.565365 0.0653368 0.0413318 0.0100215
7 0 2140 515 0.587616 0.560874 0.0643692 0.0399508 0.0100215
7 0 2140 516 0.590185 0.562692 0.0656616 0.0423672 0.0100215
7 0 2140 517 0.588395 0.567265 0.0645949 0.0394748 0.0100215
7 0 2140 518 0.589585 0.561503 0.0643535 0.0391204 0.0100215
7 0 2140 519 0.587349 0.560985 0.0648598 0.0416931 0.0100215
7 0 2140 520 0.591368 0.561823 0.0649282 0.0405662 0.0100215
7 0 2140 521 0.591286 0.561477 0.0648258 0.0431111 0.0100215
7 0 2140 522 0.586313 0.562612 0.0655893 0.0422728 0.0100215
7 0 2140 523 0.587785 0.559951 0.0650534 0.0411002 0.0100215
7 0 2140 524 0.594263 0.562834 0.0653916 0.0434469 0.0100215
7 0 2140 525 0.587789 0.561195 0.064607 0.0401938 0.0100215
7 0 2140 526 0.586941 0.567011 0.066168 0.0410497 0.0100215
7 0 2140 527 0.592673 0.573552 0.0654661 0.0430021 0.0100215
7 0 2140 528 0.587147 0.566062 0.0645142 0.0409486 0.0100215
7 0 2140 529 0.586916 0.561894 0.0652797 0.0389628 0.0100215
7 0 2140 530 0.589255 0.565389 0.0663791 0.0405688 0.0100215
7 0 2140 531 0.588988 0.56816 0.064188 0.0420772 0.0100215
7 0 2140 532 0.584952 0.565297 0.0646482 0.0400884 0.0100215
7 0 2140 533 0.584692 0.561211 0.0643498 0.0400607 0.0100215
7 0 2140 534 0.590221 0.568137 0.0666499 0.0414987 0.0100215
7 0 2140 535 0.587129 0.565421 0.0640733 0.0410739 0.0100215
7 0 2140 536 0.588009 0.56569 0.0646753 0.0424844 0.0100215
7 0 2140 537 0.589775 0.566619 0.0644924 0.0424379 0.0100215
7 0 2140 538 0.590179 0.564636 0.0647891 0.0409585 0.0100215
7 0 2140 539 0.595447 0.565285 0.0666607 0.0407315 0.0100215
7 0 2140 540 0.593848 0.56531 0.0665409 0.0400674 0.0100215
7 0 2140 541 0.589281 0.562498 0.0642867 0.0406055 0.0100215
7 0 2140 542 0.584478 0.569325 0.0650683 0.0417774 0.0100215
7 0 2140 543 0.59507 0.565348 0.0655129 0.0421226 0.0100215
7 0 2140 544 0.593931 0.563306 0.0669246 0.0391041 0.0100215
7 0 2140 545 0.586413 0.566114 0.0639226 0.0409836 0.0100215
7 0 2140 546 0.590599 0.564825 0.0660415 0.0419296 0.0100215
7 0 2140 547 0.590813 0.564984 0.0657989 0.0403785 0.0100215
7 0 2140 548 0.589904 0.567913 0.0657277 0.0378954 0.0100215
7 0 2140 549 0.587803 0.561818 0.0642551 0.0398374 0.0100215
7 0 2140 550 0.591561 0.561778 0.0660532 0.0386645 0.0100215
7 0 2140 551 0.58965 0.562535 0.0661741 0.0414048 0.0100215
7 0 2140 552 0.592542 0.558464 0.0673716 0.0407873 0.0100215
7 0 2140 553 0.593707 0.571638 0.0658936 0.0403427 0.0100215
7 0 2140 554 0.588069 0.564515 0.06472 0.0414788 0.0100215
7 0 2140 555 0.585429 0.561247 0.0661392 0.040059 0.0100215
7 0 2140 556 0.592628 0.567923 0.0648452 0.0404086 0.0100215
7 0 2140 557 0.590635 0.55972 0.0661802 0.0411284 0.0100215
7 0 2140 558 0.587192 0.56213 0.0644896 0.0388392 0.0100215
7 0 2140 559 0.588263 0.560266 0.0665006 0.0429502 0.0100215
7 0 2140 560 0.597591 0.565811 0.0669123 0.0418046 0.0100215
7 0 2140 561 0.589759 0.569855 0.0640522 0.0418218 0.0100215
7 0 2140 562 0.592616 0.560847 0.0660246 0.040963 0.0100215
7 0 2140 563 0.591795 0.566193 0.0665968 0.0422449 0.0100215
7 0 2140 564 0.588594 0.565824 0.0662975 0.0401176 0.0100215
7 0 2140 565 0.589916 0.566492 0.0665988 0.0409737 0.0100215
7 0 2140 566 0.591617 0.562913 0.0646279 0.0397643 0.0100215
7 0 2140 567 0.58908 0.560852 0.0649733 0.0402661 0.0100215
7 0 2140 568 0.589589 0.565589 0.0667518 0.0429623 0.0100215
7 0 2140 569 0.588748 0.563497 0.063355 0.0405045 0.0100215
7 0 2140 570 0.592086 0.564985 0.0655064 0.041001 0.0100215
7 0 2140 571 0.587518 0.566669 0.0653681 0.0416853 0.0100215
7 0 2140 572 0.587658 0.563945 0.0638096 0.0427092 0.0100215
7 0 2140 573 0.587301 0.558023 0.0644753 0.0396818 0.0100215
7 0 2140 574 0.590067 0.56557 0.0650176 0.0403722 0.0100215
7 0 2140 575 0.584982 0.567438 0.0646856 0.0418214 0.0100215
7 0 2140 576 0.588871 0.562989 0.0653685 0.0392521 0.0100215
7 0 2140 577 0.58851 0.570074 0.0640691 0.0406915 0.0100215
7 0 2140 578 0.588399 0.562089 0.066203 0.0388339 0.0100215
7 0 2140 579 0.59183 0.570333 0.0665078 0.0414649 0.0100215
7 0 2140 580 0.592569 0.564308 0.0648224 0.0416212 0.0100215
7 0 2140 581 0.583494 0.564594 0.0645125 0.0388489 0.0100215
7 0 2140 582 0.593779 0.564414 0.0649939 0.041887 0.0100215
7 0 2140 583 0.590305 0.563958 0.0648717 0.0391339 0.0100215
7 0 2140 584 0.590209 0.568854 0.0647366 0.0412035 0.0100215
7 0 2140 585 0.589455 0.56408 0.0652923 0.0420508 0.0100215
7 0 2140 586 0.587546 0.560929 0.0657937 0.0410278 0.0100215
7 0 2140 587 0.589301 0.563588 0.0634054 0.041429 0.0100215
7 0 2140 588 0.587505 0.565894 0.0651965 0.0400594 0.0100215
7 0 2140 589 0.591148 0.562522 0.0649187 0.0418287 0.0100215
7 0 2140 590 0.587999 0.562391 0.0646459 0.0395583 0.0100215
7 0 2140 591 0.593649 0.562576 0.065827 0.0426637 0.0100215
7 0 2140 592 0.595561 0.562696 0.0662782 0.0424141 0.0100215
7 0 2140 593 0.593966 0.563936 0.0657346 0.0410207 0.0100215
7 0 2140 594 0.593053 0.562947 0.0649271 0.0396404 0.0100215
7 0 2140 595 0.589985 0.561598 0.0668756 0.0414285 0.0100215
7 0 2140 596 0.591318 0.560134 0.0654204 0.0418245 0.0100215
7 0 2140 597 0.586493 0.568268 0.0655217 0.0429634 0.0100215
7 0 2140 598 0.590758 0.562719 0.065825 0.0399706 0.0100215
7 0 2140 599 0.590925 0.565799 0.0676488 0.041554 0.0100215
7 0 2140 600 0.587221 0.563544 0.0638162 0.0407233 0.0100215
7 0 2140 601 0.591325 0.559421 0.0662632 0.0406743 0.0100215
7 0 2140 602 0.584981 0.566294 0.0635324 0.0425065 0.0100215
7 0 2140 603 0.597381 0.566613 0.0660103 0.0428343 0.0100215
7 0 2140 604 0.59224 0.567556 0.0667503 0.041269 0.0100215
7 0 2140 605 0.592142 0.562972 0.0655554 0.0395991 0.0100215
7 0 2140 606 0.590646 0.566424 0.0649375 0.0432036 0.0100215
7 0 2140 607 0.588035 0.564768 0.0649371 0.0429471 0.0100215
7 0 2140 608 0.593635 0.565344 0.0663037 0.0410308 0.0100215
7 0 2140 609 0.589007 0.561239 0.0642479 0.0402826 0.0100215
7 0 2140 610 0.590408 0.566168 0.0651506 0.0398307 0.0100215
7 0 2140 611 0.590551 0.569354 0.0637688 0.0425547 0.0100215
7 0 2140 612 0.586305 0.56842 0.0646627 0.0415484 0.0100215
7 0 2140 613 0.588795 0.565395 0.0644713 0.0409824 0.0100215
7 0 2140 614 0.593226 0.563638 0.0665861 0.0411785 0.0100215
7 0 2140 615 0.590929 0.563771 0.0657793 0.0402256 0.0100215
7 0 2140 616 0.59069 0.569089 0.0650639 0.0401048 0.0100215
7 0 2140 617 0.582131 0.564839 0.0639924 0.0416898 0.0100215
7 0 2140 618 0.590792 0.560935 0.0654776 0.0402418 0.0100215
7 0 2140 619 0.587674 0.567952 0.0641271 0.0406659 0.0100215
7 0 2140 620 0.59269 0.565086 0.067057 0.0402896 0.0100215
7 0 2140 621 0.592085 0.567729 0.0651087 0.0421536 0.0100215
7 0 2140 622 0.58919 0.56021 0.0662408 0.0388531 0.0100215
7 0 2140 623 0.592098 0.565205 0.0656295 0.0400806 0.0100215
7 0 2140 624 0.59258 0.569479 0.0649416 0.0418046 0.0100215
7 0 2140 625 0.582983 0.562293 0.0625687 0.0400657 0.0100215
7 0 2140 626 0.592457 0.566686 0.0655272 0.0392435 0.0100215
7 0 2140 627 0.589814 0.565851 0.0663354 0.0391612 0.0100215
7 0 2140 628 0.589465 0.564987 0.0667689 0.0407272 0.0100215
7 0 2140 629 0.590891 0.564451 0.0654116 0.0417602 0.0100215
7 0 2140 630 0.592065 0.566496 0.0656729 0.0413264 0.0100215
7 0 2140 631 0.586318 0.568937 0.0635178 0.0411952 0.0100215
7 0 2140 632 0.589458 0.56571 0.0641216 0.040993 0.0100215
7 0 2140 633 0.589039 0.568649 0.066075 0.0421467 0.0100215
7 0 2140 634 0.590929 0.56368 0.0654534 0.0407596 0.0100215
7 0 2140 635 0.59136 0.560841 0.0652622 0.0397303 0.0100215
7 0 2140 636 0.587467 0.565677 0.0638538 0.0417424 0.0100215
7 0 2140 637 0.586083 0.566215 0.064459 0.0412546 0.0100215
7 0 2140 638 0.589953 0.566895 0.0663479 0.0426723 0.0100215
7 0 2140 639 0.592193 0.565609 0.0658392 0.0411914 0.0100215
7 0 2140 640 0.593437 0.564191 0.0675889 0.0418973 0.0100215
7 0 2140 641 0.595136 0.562926 0.0655547 0.0402769 0.0100215
7 0 2140 642 0.589493 0.561137 0.0654562 0.0411221 0.0100215
7 0 2140 643 0.586486 0.56831 0.0653779 0.0412252 0.0100215
7 0 2140 644 0.593284 0.566727 0.065269 0.0423456 0.0100215
7 0 2140 645 0.595228 0.563162 0.0668816 0.0401482 0.0100215
7 0 2140 646 0.588247 0.567241 0.0650443 0.0414914 0.0100215
7 0 2140 647 0.589639 0.561171 0.0663277 0.0401629 0.0100215
7 0 2140 648 0.587129 0.566215 0.0646054 0.0414603 0.0100215
7 0 2140 649 0.5875 0.569572 0.0655028 0.04259 0.0100215
7 0 2140 650 0.587589 0.561162 0.0650332 0.0408023 0.0100215
7 0 2140 651 0.587058 0.566495 0.0652129 0.0403803 0.0100215
7 0 2140 652 0.585132 0.563505 0.0637822 0.0408278 0.0100215
7 0 2140 653 0.595285 0.564105 0.0672974 0.0420698 0.0100215
7 0 2140 654 0.5869 0.561832 0.0648722 0.0391699 0.0100215
7 0 2140 655 0.591551 0.563331 0.0644027 0.0401734 0.0100215
7 0 2140 656 0.591373 0.56459 0.0649929 0.0406084 0.0100215
7 0 2140 657 0.591739 0.565758 0.0657097 0.0393531 0.0100215
7 0 2140 658 0.591326 0.563476 0.0641484 0.0404857 0.0100215
7 0 2140 659 0.593451 0.560933 0.0651031 0.0406896 0.0100215
7 0 2140 660 0.588885 0.557033 0.0647184 0.04108 0.0100215
7 0 2140 661 0.588133 0.567866 0.0644376 0.0417238 0.0100215
7 0 2140 662 0.591991 0.562459 0.0658677 0.0411847 0.0100215
7 0 2140 663 0.585359 0.567081 0.0638718 0.0404767 0.0100215
7 0 2140 664 0.59025 0.569709 0.0640673 0.0409544 0.0100215
7 0 2140 665 0.590659 0.56498 0.0651552 0.0418459 0.0100215
7 0 2140 666 0.592712 0.56238 0.0652518 0.040256 0.0100215
7 0 2140 667 0.589713 0.564107 0.0650882 0.0417433 0.0100215
7 0 2140 668 0.596673 0.566469 0.0653057 0.0401093 0.0100215
7 0 2140 669 0.588777 0.565303 0.0658884 0.0418243 0.0100215
7 0 2140 670 0.589819 0.56225 0.0653023 0.0422713 0.0100215
7 0 2140 671 0.588756 0.56405 0.0638566 0.0417789 0.0100215
7 0 2140 672 0.595781 0.560956 0.06531 0.0397615 0.0100215
7 0 2140 673 0.588867 0.564511 0.0673632 0.0411281 0.0100215
7 0 2140 674 0.589838 0.559166 0.0650779 0.0397665 0.0100215
7 0 2140 675 0.590368 0.561338 0.0666489 0.0396003 0.0100215
7 0 2140 676 0.590798 0.567129 0.0649101 0.0405721 0.0100215
7 0 2140 677 0.592784 0.561867 0.0637202 0.0405809 0.0100215
7 0 2140 678 0.587906 0.567806 0.0649109 0.0417784 0.0100215
7 0 2140 679 0.592584 0.568795 0.0671131 0.0419165 0.0100215
7 0 2140 680 0.592892 0.564117 0.0661641 0.0420392 0.0100215
7 0 2140 681 0.590882 0.567335 0.0651699 0.0421321 0.0100215
7 0 2140 682 0.592619 0.563099 0.0644554 0.0411997 0.0100215
7 0 2140 683 0.590033 0.568751 0.064318 0.0408633 0.0100215
7 0 2140 684 0.590353 0.565225 0.0655119 0.0420029 0.0100215
7 0 2140 685 0.590262 0.565597 0.0651437 0.0409371 0.0100215
7 0 2140 686 0.59199 0.563906 0.0659396 0.0400849 0.0100215
7 0 2140 687 0.595688 0.564468 0.0647067 0.0417392 0.0100215
7 0 2140 688 0.588933 0.558305 0.0655892 0.0409512 0.0100215
7 0 2140 689 0.593126 0.562882 0.066378 0.0416334 0.0100215
7 0 2140 690 0.591148 0.56516 0.0665316 0.0408599 0.0100215
7 0 2140 691 0.592929 0.567499 0.0669552 0.0404874 0.0100215
7 0 2140 692 0.589352 0.563577 0.0664047 0.0424711 0.0100215
7 0 2140 693 0.588954 0.566683 0.0657405 0.040614 0.0100215
7 0 2140 694 0.593076 0.562657 0.0656919 0.0417494 0.0100215
7 0 2140 695 0.593718 0.563652 0.06704 0.039978 0.0100215
7 0 2140 696 0.591166 0.563843 0.0654094 0.0419103 0.0100215
7 0 2140 697 0.591515 0.567683 0.0652184 0.041019 0.0100215
7 0 2140 698 0.590102 0.564931 0.0643555 0.0417394 0.0100215
7 0 2140 699 0.587948 0.564739 0.0656852 0.0412667 0.0100215
7 0 2140 700 0.590608 0.562032 0.0658853 0.0400715 0.0100215
7 0 2140 701 0.59249 0.563256 0.0654267 0.0402503 0.0100215
7 0 2140 702 0.594096 0.566657 0.066232 0.0430027 0.0100215
7 0 2140 703 0.590096 0.567205 0.0661094 0.0390169 0.0100215
7 0 2140 704 0.588982 0.565012 0.0646917 0.0414162 0.0100215
7 0 2140 705 0.593167 0.560914 0.0651986 0.0405899 0.0100215
7 0 2140 706 0.591321 0.5614 0.065211 0.0392137 0.0100215
7 0 2140 707 0.586754 0.567453 0.0640926 0.042015 0.0100215
7 0 2140 708 0.590037 0.56116 0.0650613 0.0422486 0.0100215
7 0 2140 709 0.590239 0.568972 0.0654953 0.0425865 0.0100215
7 0 2140 710 0.590922 0.565477 0.0654728 0.0414499 0.0100215
7 0 2140 711 0.588937 0.563328 0.0642234 0.0396218 0.0100215
7 0 2140 712 0.589707 0.565169 0.0660606 0.041356 0.0100215
7 0 2140 713 0.590068 0.561922 0.0637893 0.0405151 0.0100215
7 0 2140 714 0.590828 0.564974 0.0658001 0.0423921 0.0100215
7 0 2140 715 0.585547 0.564208 0.0648076 0.0417191 0.0100215
7 0 2140 716 0.592541 0.567024 0.0666546 0.040951 0.0100215
7 0 2140 717 0.592443 0.568191 0.0665023 0.0415496 0.0100215
7 0 2140 718 0.5862 0.562854 0.065296 0.04043 0.0100215
7 0 2140 719 0.590274 0.563969 0.0657338 0.0418092 0.0100215
7 0 2140 720 0.594502 0.560969 0.0665525 0.0397223 0.0100215
7 0 2140 721 0.593846 0.562795 0.0658587 0.0400615 0.0100215
7 0 2140 722 0.589242 0.561556 0.0648831 0.0406504 0.0100215
7 0 2140 723 0.589914 0.567656 0.0660283 0.0403939 0.0100215
7 0 2140 724 0.593458 0.567952 0.0660726 0.0404738 0.0100215
7 0 2140 725 0.589495 0.566108 0.0638791 0.0422238 0.0100215
7 0 2140 726 0.589931 0.566007 0.0643783 0.0410397 0.0100215
7 0 2140 727 0.587449 0.561416 0.0649787 0.0374438 0.0100215
7 0 2140 728 0.591156 0.565056 0.0662077 0.039189 0.0100215
7 0 2140 729 0.588248 0.569014 0.0645245 0.0412053 0.0100215
7 0 2140 730 0.590019 0.565639 0.0651267 0.0395355 0.0100215
7 0 2140 731 0.591161 0.563884 0.06378 0.041177 0.0100215
7 0 2140 732 0.591419 0.563974 0.0641753 0.039655 0.0100215
7 0 2140 733 0.58953 0.561108 0.0650636 0.0409018 0.0100215
7 0 2140 734 0.589815 0.563614 0.0654982 0.0409448 0.0100215
7 0 2140 735 0.587712 0.562312 0.065706 0.0407798 0.0100215
7 0 2140 736 0.588842 0.565054 0.0657488 0.0419865 0.0100215
7 0 2140 737 0.590361 0.565441 0.0657005 0.0409338 0.0100215
7 0 2140 738 0.588304 0.562705 0.0652186 0.0425737 0.0100215
7 0 2140 739 0.592978 0.563802 0.0650104 0.04151 0.0100215
7 0 2140 740 0.588208 0.559435 0.0647698 0.0394158 0.0100215
7 0 2140 741 0.592838 0.565889 0.0650947 0.0420483 0.0100215
7 0 2140 742 0.590688 0.56551 0.0656062 0.0403799 0.0100215
7 0 2140 743 0.589033 0.561267 0.0638115 0.0420264 0.0100215
7 0 2140 744 0.590553 0.561001 0.0655971 0.0402128 0.0100215
7 0 2140 745 0.590986 0.566891 0.0646582 0.0415956 0.0100215
7 0 2140 746 0.591926 0.561559 0.0657144 0.0402125 0.0100215
7 0 2140 747 0.590296 0.565964 0.0668653 0.0402331 0.0100215
7 0 2140 748 0.592424 0.55723 0.0657565 0.0407518 0.0100215
7 0 2140 749 0.594307 0.565754 0.0661999 0.0411319 0.0100215
7 0 2140 750 0.58761 0.564789 0.0647949 0.0409311 0.0100215
7 0 2140 751 0.591061 0.5612 0.0666003 0.0401762 0.0100215
7 0 2140 752 0.58718 0.565387 0.0655211 0.0411535 0.0100215
7 0 2140 753 0.590142 0.568971 0.0651204 0.0415172 0.0100215
7 0 2140 754 0.594413 0.56241 0.0658098 0.0398828 0.0100215
7 0 2140 755 0.590943 0.568333 0.0666783 0.0403888 0.0100215
7 0 2140 756 0.589307 0.568258 0.0643975 0.0396013 0.0100215
7 0 2140 757 0.588957 0.569498 0.0647326 0.0417267 0.0100215
7 0 2140 758 0.594577 0.564565 0.0669032 0.041289 0.0100215
7 0 2140 759 0.588555 0.557651 0.0656007 0.0389648 0.0100215
7 0 2140 760 0.592142 0.56762 0.0659701 0.0420748 0.0100215
7 0 2140 761 0.588272 0.563318 0.0654704 0.0404386 0.0100215
7 0 2140 762 0.587594 0.564421 0.0654536 0.0422587 0.0100215
7 0 2140 763 0.590316 0.560074 0.0646587 0.040512 0.0100215
7 0 2140 764 0.593825 0.565776 0.0657158 0.0403335 0.0100215
7 0 2140 765 0.589298 0.568877 0.064696 0.0406339 0.0100215
7 0 2140 766 0.589129 0.564443 0.0656273 0.0415358 0.0100215
7 0 2140 767 0.588107 0.563251 0.0649872 0.0414784 0.0100215
7 0 2140 768 0.592771 0.563393 0.0674992 0.0412426 0.0100215
7 0 2140 769 0.588241 0.563891 0.0649362 0.0423608 0.0100215
7 0 2140 770 0.58631 0.562281 0.0642837 0.040291 0.0100215
7 0 2140 771 0.589354 0.56572 0.0644944 0.0422953 0.0100215
7 0 2140 772 0.591485 0.560805 0.064988 0.0408148 0.0100215
7 0 2140 773 0.592674 0.562857 0.064952 0.0400542 0.0100215
7 0 2140 774 0.590295 0.568754 0.0656628 0.0422025 0.0100215
7 0 2140 775 0.591132 0.565363 0.0654449 0.0410945 0.0100215
7 0 2140 776 0.591679 0.564623 0.06578 0.0407514 0.0100215
7 0 2140 777 0.593647 0.564915 0.0659285 0.0409174 0.0100215
7 0 2140 778 0.595616 0.563992 0.0664594 0.040817 0.0100215
7 0 2140 779 0.591855 0.567269 0.0651181 0.0413996 0.0100215
7 0 2140 780 0.591562 0.5628 0.0649806 0.0417851 0.0100215
7 0 2140 781 0.593995 0.565738 0.0656879 0.0402483 0.0100215
7 0 2140 782 0.590907 0.5658 0.0656045 0.0411118 0.0100215
7 0 2140 783 0.586919 0.563575 0.0645396 0.0410529 0.0100215
7 0 2140 784 0.592769 0.563196 0.0663183 0.0412588 0.0100215
7 0 2140 785 0.588025 0.566584 0.0651831 0.0412314 0.0100215
7 0 2140 786 0.588861 0.564828 0.0646517 0.0418394 0.0100215
7 0 2140 787 0.591535 0.561178 0.0653278 0.0409261 0.0100215
7 0 2140 788 0.595597 0.561025 0.0664515 0.0406623 0.0100215
7 0 2140 789 0.590843 0.564326 0.0652922 0.0399594 0.0100215
7 0 2140 790 0.585456 0.561934 0.0643063 0.0408811 0.0100215
7 0 2140 791 0.587424 0.566103 0.0654353 0.0404112 0.0100215
7 0 2140 792 0.583898 0.56209 0.0648863 0.0411892 0.0100215
7 0 2140 793 0.592858 0.561836 0.0631772 0.0410949 0.0100215
7 0 2140 794 0.588702 0.56262 0.0636566 0.0409562 0.0100215
7 0 2140 795 0.589937 0.566469 0.0647429 0.0402821 0.0100215
7 0 2140 796 0.588799 0.563731 0.0650051 0.0412459 0.0100215
7 0 2140 797 0.587244 0.55995 0.0648787 0.0391963 0.0100215
7 0 2140 798 0.591542 0.564139 0.0656848 0.0414954 0.0100215
7 0 2140 799 0.59177 0.560968 0.0656049 0.0405421 0.0100215
7 0 2140 800 0.592702 0.570842 0.0656228 0.0414605 0.0100215
7 0 2140 801 0.5896 0.561849 0.0651204 0.0392776 0.0100215
7 0 2140 802 0.589424 0.563009 0.0638478 0.040857 0.0100215
7 0 2140 803 0.589978 0.562958 0.0649791 0.0409724 0.0100215
7 0 2140 804 0.588671 0.565924 0.0643718 0.0403843 0.0100215
7 0 2140 805 0.589567 0.562986 0.0654748 0.0400757 0.0100215
7 0 2140 806 0.591204 0.56498 0.0646669 0.0399788 0.0100215
7 0 2140 807 0.588353 0.563976 0.0651604 0.0419679 0.0100215
7 0 2140 808 0.586209 0.563717 0.0647612 0.0413684 0.0100215
7 0 2140 809 0.587909 0.562806 0.0633603 0.041307 0.0100215
7 0 2140 810 0.588409 0.563337 0.066125 0.0395092 0.0100215
7 0 2140 811 0.587578 0.565237 0.064738 0.0410871 0.0100215
7 0 2140 812 0.587889 0.564053 0.0651334 0.0400447 0.0100215
7 0 2140 813 0.591647 0.562504 0.0642119 0.0419935 0.0100215
7 0 2140 814 0.588365 0.565919 0.065217 0.0400449 0.0100215
7 0 2140 815 0.59002 0.569489 0.065909 0.0408783 0.0100215
7 0 2140 816 0.588494 0.564622 0.0643089 0.0416144 0.0100215
7 0 2140 817 0.589068 0.562587 0.0652035 0.0404335 0.0100215
7 0 2140 818 0.589352 0.565212 0.0662452 0.0403115 0.0100215
7 0 2140 819 0.589051 0.562227 0.0653863 0.0406594 0.0100215
7 0 2140 820 0.591612 0.558954 0.0653219 0.0395331 0.0100215
7 0 2140 821 0.588111 0.564704 0.0660591 0.0417044 0.0100215
7 0 2140 822 0.587101 0.562225 0.0639923 0.0418914 0.0100215
7 0 2140 823 0.59243 0.56157 0.066054 0.0414097 0.0100215
7 0 2140 824 0.590424 0.559637 0.0652317 0.042455 0.0100215
7 0 2140 825 0.586755 0.5639 0.0645711 0.0422106 0.0100215
7 0 2140 826 0.590392 0.560685 0.0663824 0.0404445 0.0100215
7 0 2140 827 0.594554 0.566375 0.0657605 0.043414 0.0100215
7 0 2140 828 0.591991 0.559901 0.0651923 0.0404905 0.0100215
7 0 2140 829 0.590642 0.560865 0.0648457 0.0398122 0.0100215
7 0 2140 830 0.588937 0.563302 0.0648336 0.0406178 0.0100215
7 0 2140 831 0.589462 0.564645 0.0657035 0.0403385 0.0100215
7 0 2140 832 0.589959 0.565927 0.0642658 0.040424 0.0100215
7 0 2140 833 0.589561 0.563169 0.064076 0.0410079 0.0100215
7 0 2140 834 0.590845 0.562739 0.0654203 0.0395369 0.0100215
7 0 2140 835 0.588562 0.559202 0.0651664 0.0416241 0.0100215
7 0 2140 836 0.589733 0.565031 0.0651215 0.0409706 0.0100215
7 0 2140 837 0.592496 0.562998 0.0652152 0.0410128 0.0100215
7 0 2140 838 0.591326 0.563095 0.0655793 0.0409875 0.0100215
7 0 2140 839 0.584395 0.564484 0.0648335 0.0403585 0.0100215
7 0 2140 840 0.591637 0.563759 0.0657193 0.0403104 0.0100215
7 0 2140 841 0.592042 0.564429 0.0650152 0.0419568 0.0100215
7 0 2140 842 0.592118 0.565701 0.0643395 0.0413052 0.0100215
7 0 2140 843 0.588201 0.562001 0.0658577 0.0398465 0.0100215
7 0 2140 844 0.584247 0.564289 0.0643737 0.0413323 0.0100215
7 0 2140 845 0.589353 0.566789 0.0655332 0.0425496 0.0100215
7 0 2140 846 0.595217 0.561957 0.0662838 0.0412407 0.0100215
7 0 2140 847 0.589735 0.564192 0.0650853 0.0406152 0.0100215
7 0 2140 848 0.588773 0.563608 0.0648614 0.0416186 0.0100215
7 0 2140 849 0.588068 0.566023 0.0651332 0.0404468 0.0100215
7 0 2140 850 0.59244 0.564906 0.0656025 0.0423128 0.0100215
7 0 2140 851 0.590617 0.559277 0.0654576 0.0400619 0.0100215
7 0 2140 852 0.593306 0.563888 0.0663901 0.0409995 0.0100215
7 0 2140 853 0.587934 0.56593 0.0647253 0.0405736 0.0100215
7 0 2140 854 0.591275 0.561242 0.0645011 0.0418205 0.0100215
7 0 2140 855 0.591828 0.562771 0.0650969 0.0411342 0.0100215
7 0 2140 856 0.589059 0.562557 0.0647889 0.0401951 0.0100215
7 0 2140 857 0.593804 0.564143 0.0651634 0.0408195 0.0100215
7 0 2140 858 0.587995 0.56337 0.0645062 0.0409405 0.0100215
7 0 2140 859 0.593639 0.565617 0.0668462 0.0409759 0.0100215
7 0 2140 860 0.588876 0.559954 0.0661383 0.0400055 0.0100215
7 0 2140 861 0.587899 0.564779 0.0653421 0.0399204 0.0100215
7 0 2140 862 0.586671 0.562946 0.0655785 0.0407006 0.0100215
7 0 2140 863 0.586166 0.562417 0.064904 0.0396984 0.0100215
7 0 2140 864 0.592202 0.566098 0.0643794 0.0422326 0.0100215
7 0 2140 865 0.590168 0.566079 0.0657879 0.0409885 0.0100215
7 0 2140 866 0.590721 0.559025 0.0655079 0.0390987 0.0100215
7 0 2140 867 0.588227 0.565454 0.0641328 0.0397018 0.0100215
7 0 2140 868 0.585205 0.561726 0.0640182 0.0414053 0.0100215
7 0 2140 869 0.589617 0.563748 0.065336 0.0411002 0.0100215
7 0 2140 870 0.587858 0.562409 0.064575 0.0399968 0.0100215
7 0 2140 871 0.589994 0.565847 0.0652308 0.0410671 0.0100215
7 0 2140 872 0.593432 0.566969 0.064499 0.042095 0.0100215
7 0 2140 873 0.592244 0.565475 0.0641862 0.0397926 0.0100215
7 0 2140 874 0.588423 0.563625 0.0647848 0.0412374 0.0100215
7 0 2140 875 0.586293 0.562228 0.0635434 0.0407482 0.0100215
7 0 2140 876 0.587199 0.566182 0.0648997 0.0424283 0.0100215
7 0 2140 877 0.588743 0.562972 0.064205 0.039827 0.0100215
7 0 2140 878 0.591652 0.564192 0.0654568 0.0423937 0.0100215
7 0 2140 879 0.591682 0.565105 0.0650753 0.041685 0.0100215
7 0 2140 880 0.591205 0.565359 0.0641565 0.0413182 0.0100215
7 0 2140 881 0.587527 0.565927 0.0645547 0.0411137 0.0100215
7 0 2140 882 0.589276 0.563358 0.0662392 0.0405585 0.0100215
7 0 2140 883 0.590423 0.563698 0.0643974 0.041731 0.0100215
7 0 2140 884 0.590294 0.565481 0.065046 0.0410637 0.0100215
7 0 2140 885 0.591484 0.563161 0.0665703 0.0407455 0.0100215
7 0 2140 886 0.590952 0.561527 0.0660986 0.0409456 0.0100215
7 0 2140 887 0.589692 0.564079 0.0644903 0.0435032 0.0100215
7 0 2140 888 0.592157 0.566319 0.0658475 0.0412585 0.0100215
7 0 2140 889 0.594365 0.564237 0.0649427 0.0404566 0.0100215
7 0 2140 890 0.59281 0.561759 0.0645121 0.0401913 0.0100215
7 0 2140 891 0.58957 0.565314 0.0646154 0.0415405 0.0100215
7 0 2140 892 0.590665 0.563706 0.0651955 0.0389845 0.0100215
7 0 2140 893 0.591421 0.560973 0.0651226 0.0412266 0.0100215
7 0 2140 894 0.594538 0.565252 0.0660615 0.0399343 0.0100215
7 0 2140 895 0.587949 0.562596 0.0656478 0.0428187 0.0100215
7 0 2140 896 0.589167 0.567036 0.0660559 0.0400066 0.0100215
7 0 2140 897 0.5924 0.566195 0.0653573 0.042111 0.0100215
7 0 2140 898 0.587044 0.562514 0.0647859 0.0401486 0.0100215
7 0 2140 899 0.58842 0.566425 0.0649911 0.0409797 0.0100215
7 0 2140 900 0.589284 0.567326 0.0638357 0.0419263 0.0100215
7 0 2140 901 0.586421 0.560836 0.0645998 0.0401214 0.0100215
7 0 2140 902 0.592987 0.563695 0.0658818 0.039923 0.0100215
7 0 2140 903 0.589818 0.561238 0.0639801 0.0412151 0.0100215
7 0 2140 904 0.590714 0.562678 0.0649959 0.0405277 0.0100215
7 0 2140 905 0.590734 0.565474 0.0654433 0.0417585 0.0100215
7 0 2140 906 0.59313 0.564106 0.0647616 0.0411744 0.0100215
7 0 2140 907 0.590464 0.561011 0.0658605 0.0403953 0.0100215
7 0 2140 908 0.587663 0.564069 0.0649571 0.0425091 0.0100215
7 0 2140 909 0.593872 0.564501 0.0657879 0.0422596 0.0100215
7 0 2140 910 0.588079 0.563979 0.0664707 0.0414236 0.0100215
7 0 2140 911 0.591759 0.568655 0.0647357 0.0424031 0.0100215
7 0 2140 912 0.590232 0.567582 0.063676 0.0421535 0.0100215
7 0 2140 913 0.589066 0.564836 0.0641725 0.0395695 0.0100215
7 0 2140 914 0.593568 0.56401 0.066389 0.0399115 0.0100215
7 0 2140 915 0.59534 0.565839 0.0650261 0.0403531 0.0100215
7 0 2140 916 0.588673 0.560739 0.0651604 0.0407688 0.0100215
7 0 2140 917 0.592432 0.562433 0.0642082 0.0397075 0.0100215
7 0 2140 918 0.590847 0.564508 0.0644412 0.0397427 0.0100215
7 0 2140 919 0.590225 0.563056 0.0660785 0.0404425 0.0100215
7 0 2140 920 0.592686 0.566274 0.0658434 0.0416434 0.0100215
7 0 2140 921 0.591796 0.56295 0.06443 0.0410165 0.0100215
7 0 2140 922 0.584541 0.566273 0.0658643 0.0419673 0.0100215
7 0 2140 923 0.590596 0.565953 0.0660489 0.0405853 0.0100215
7 0 2140 924 0.584598 0.564498 0.0636395 0.0421276 0.0100215
7 0 2140 925 0.5894 0.565321 0.0646012 0.0416806 0.0100215
7 0 2140 926 0.587907 0.566213 0.065406 0.0413689 0.0100215
7 0 2140 927 0.589449 0.561222 0.0654412 0.0404677 0.0100215
7 0 2140 928 0.589495 0.566698 0.0653571 0.0412217 0.0100215
7 0 2140 929 0.588444 0.564048 0.0636206 0.0402264 0.0100215
7 0 2140 930 0.586877 0.564944 0.0642325 0.0412972 0.0100215
7 0 2140 931 0.593593 0.561753 0.0664457 0.0392342 0.0100215
7 0 2140 932 0.590682 0.566266 0.0656672 0.04278 0.0100215
7 0 2140 933 0.5892 0.562228 0.063502 0.0395565 0.0100215
7 0 2140 934 0.590225 0.565456 0.0651161 0.0420846 0.0100215
7 0 2140 935 0.591171 0.564676 0.0649275 0.0399242 0.0100215
7 0 2140 936 0.590583 0.562668 0.0652454 0.0406142 0.0100215
7 0 2140 937 0.590391 0.564269 0.0651144 0.0419129 0.0100215
7 0 2140 938 0.590043 0.565264 0.0654549 0.0411337 0.0100215
7 0 2140 939 0.590837 0.561662 0.0666653 0.0404313 0.0100215
7 0 2140 940 0.591898 0.565344 0.0649473 0.0403022 0.0100215
7 0 2140 941 0.589321 0.562645 0.064524 0.0414383 0.0100215
7 0 2140 942 0.591173 0.56456 0.0657633 0.0399326 0.0100215
7 0 2140 943 0.591283 0.563781 0.0655512 0.0408363 0.0100215
7 0 2140 944 0.592936 0.56234 0.0655482 0.0407456 0.0100215
7 0 2140 945 0.589931 0.564226 0.0650593 0.0421591 0.0100215
7 0 2140 946 0.589771 0.560731 0.064933 0.040533 0.0100215
7 0 2140 947 0.591591 0.565866 0.0648606 0.0403576 0.0100215
7 0 2140 948 0.592616 0.564246 0.0658506 0.0419459 0.0100215
7 0 2140 949 0.590327 0.561099 0.0649929 0.0406636 0.0100215
7 0 2140 950 0.591488 0.566765 0.0654705 0.0399106 0.0100215
7 0 2140 951 0.592085 0.566679 0.0660679 0.0419158 0.0100215
7 0 2140 952 0.589149 0.561736 0.0654424 0.0404696 0.0100215
7 0 2140 953 0.587012 0.566665 0.0639032 0.0426422 0.0100215
7 0 2140 954 0.587312 0.565898 0.0648894 0.0413907 0.0100215
7 0 2140 955 0.592662 0.561224 0.0643733 0.0410476 0.0100215
7 0 2140 956 0.591147 0.563067 0.0659156 0.0412176 0.0100215
7 0 2140 957 0.590988 0.565286 0.0661483 0.0416789 0.0100215
7 0 2140 958 0.592324 0.561515 0.0659764 0.0404305 0.0100215
7 0 2140 959 0.590142 0.563538 0.0669805 0.0422016 0.0100215
7 0 2140 960 0.585987 0.56563 0.0650755 0.0409819 0.0100215
7 0 2140 961 0.588476 0.563414 0.0648418 0.0411969 0.0100215
7 0 2140 962 0.586601 0.566848 0.0633509 0.0423092 0.0100215
7 0 2140 963 0.593483 0.56502 0.0659687 0.0420542 0.0100215
7 0 2140 964 0.590398 0.567112 0.0649077 0.0404036 0.0100215
7 0 2140 965 0.590014 0.562909 0.0645135 0.0399539 0.0100215
7 0 2140 966 0.58775 0.566785 0.0650379 0.040711 0.0100215
7 0 2140 967 0.585553 0.56418 0.0636968 0.0413946 0.0100215
7 0 2140 968 0.592019 0.564221 0.0660814 0.0416588 0.0100215
7 0 2140 969 0.592648 0.561287 0.0655665 0.0405701 0.0100215
7 0 2140 970 0.588651 0.5616 0.0656621 0.0393652 0.0100215
7 0 2140 971 0.592552 0.563565 0.066253 0.0415984 0.0100215
7 0 2140 972 0.593755 0.565631 0.0657111 0.0415604 0.0100215
7 0 2140 973 0.595067 0.565929 0.0667014 0.0418025 0.0100215
7 0 2140 974 0.588227 0.563722 0.0658617 0.0415808 0.0100215
7 0 2140 975 0.593216 0.565868 0.0654713 0.0419399 0.0100215
7 0 2140 976 0.592053 0.562939 0.0660985 0.0393858 0.0100215
7 0 2140 977 0.590597 0.566366 0.0653067 0.0412086 0.0100215
7 0 2140 978 0.592065 0.565448 0.0662398 0.0419389 0.0100215
7 0 2140 979 0.584364 0.565206 0.0638088 0.0412792 0.0100215
7 0 2140 980 0.588961 0.559715 0.0660081 0.041736 0.0100215
7 0 2140 981 0.584129 0.562654 0.0642922 0.0412675 0.0100215
7 0 2140 982 0.589634 0.563511 0.0654617 0.0402842 0.0100215
7 0 2140 983 0.589718 0.564118 0.0652771 0.0416911 0.0100215
7 0 2140 984 0.586411 0.56189 0.0654726 0.0394458 0.0100215
7 0 2140 985 0.588546 0.562246 0.0641599 0.0411506 0.0100215
7 0 2140 986 0.592909 0.563759 0.0661063 0.0404883 0.0100215
7 0 2140 987 0.586033 0.562179 0.0644498 0.0405444 0.0100215
7 0 2140 988 0.593709 0.564222 0.0660448 0.0415426 0.0100215
7 0 2140 989 0.588625 0.563639 0.0643091 0.0404829 0.0100215
7 0 2140 990 0.590139 0.562156 0.064676 0.0401649 0.0100215
7 0 2140 991 0.589574 0.561915 0.066109 0.0401409 0.0100215
7 0 2140 992 0.588908 0.562446 0.0646448 0.0415619 0.0100215
7 0 2140 993 0.590888 0.563155 0.0653704 0.0416729 0.0100215
7 0 2140 994 0.589999 0.563637 0.0647456 0.0401497 0.0100215
7 0 2140 995 0.591154 0.566786 0.0659078 0.0422508 0.0100215
7 0 2140 996 0.591028 0.562733 0.065268 0.0408332 0.0100215
7 0 2140 997 0.59222 0.562644 0.0658556 0.0402408 0.0100215
7 0 2140 998 0.587286 0.565229 0.0645359 0.0409477 0.0100215
7 0 2140 999 0.587879 0.568078 0.0656317 0.0414918 0.0100215
