3 0 0 84.9542 26478
3 1 144 47.3751 15816.9
3 2 288 37.29 12975.4
3 3 432 33.0223 11624.5
3 4 576 30.1992 10633.9
3 5 720 27.8002 9739.66
3 6 878 25.7906 8980.24
3 7 1024 24.1743 8366.97
3 8 1168 23.043 7956.31
3 9 1313 21.9922 7561.3
3 10 1457 21.1935 7270.59
3 11 1601 20.5117 7019.15
3 12 1745 19.9444 6811.81
3 13 1889 19.4575 6636.25
3 14 2033 19.0551 6490.23
3 15 2177 18.7423 6387.08
3 16 2321 18.4657 6291.04
3 17 2465 18.1508 6175.61
3 18 2609 17.8933 6084.04
3 19 2753 17.6332 5986.87
3 20 2897 17.4165 5906
3 21 3041 17.2471 5850.79
3 22 3185 17.0564 5782.51
3 23 3329 16.8945 5726.17
3 24 3473 16.7406 5671.07
3 25 3617 16.6062 5625.97
3 26 3761 16.4646 5574.74
3 27 3907 16.3625 5539.41
3 28 4051 16.2675 5507.82
3 29 4195 16.1818 5481.11
3 30 4339 16.0465 5427.4
3 31 4484 15.9208 5378.02
3 32 4628 15.8134 5336.28
3 33 4772 15.7202 5304.57
3 34 4916 15.6418 5278.64
3 35 5060 15.5788 5261.16
3 36 5204 15.5091 5235.65
3 37 5348 15.4639 5225.23
3 38 5492 15.3839 5195.67
3 39 5636 15.3057 5166.83
3 40 5780 15.2347 5140.63
3 41 5924 15.1889 5127.6
3 42 6068 15.1419 5114.35
3 43 6213 15.0838 5093.9
3 44 6357 15.055 5088.87
3 45 6501 15.0147 5076.1
3 46 6646 14.9684 5061.95
3 47 6790 14.9097 5038
3 48 6934 14.8655 5022.95
3 49 7078 14.8395 5017.22
3 50 7223 14.8003 5004.18
3 51 7368 14.7511 4983.15
3 52 7512 14.7315 4979.42
3 53 7656 14.6928 4966.68
3 54 7800 14.6482 4949.54
3 55 7973 14.6209 4942.66
3 56 8119 14.5809 4927.9
3 57 8263 14.5306 4906.14
3 58 8407 14.5115 4901.97
3 59 8551 14.477 4889.99
3 60 8695 14.446 4878.15
3 61 8839 14.4354 4878.67
3 62 8983 14.3915 4860.8
3 63 9127 14.3543 4845.66
3 64 9271 14.3456 4845.89
3 65 9415 14.3117 4833.13
3 66 9559 14.2862 4824.66
3 67 9703 14.2695 4819.86
3 68 9847 14.2483 4814.67
3 69 9991 14.234 4810.44
3 70 10135 14.217 4806.85
3 71 10279 14.1768 4792.04
3 72 10423 14.1536 4785.16
3 73 10567 14.1228 4773.58
3 74 10711 14.1063 4768.58
3 75 10855 14.0967 4766.84
3 76 10999 14.0862 4764.79
3 77 11143 14.086 4767.12
3 78 11287 14.0602 4759.15
3 79 11431 14.0348 4748.08
3 80 11575 14.0082 4736.76
3 81 11719 13.986 4726.95
3 82 11863 13.96 4718.26
3 83 12007 13.9406 4711.97
3 84 12152 13.9216 4707.19
3 85 12296 13.8979 4699.79
3 86 12440 13.8762 4692.15
3 87 12584 13.8452 4679.08
3 88 12728 13.8364 4679.19
3 89 12872 13.8143 4669.65
3 90 13016 13.8039 4667.66
3 91 13160 13.7828 4658.89
3 92 13304 13.7803 4662.2
3 93 13448 13.7808 4666.47
3 94 13592 13.7813 4669.46
3 95 13736 13.7589 4661.58
3 96 13880 13.7336 4651.39
3 97 14024 13.7139 4643.62
3 98 14168 13.7034 4640.39
3 99 14312 13.6764 4629.77
3 100 14456 13.6724 4630.81