1 0 0 27.0821 10524.5
1 1 169 23.5078 9230.5
1 2 321 21.5209 8450
1 3 468 20.2972 7911.84
1 4 615 19.2649 7446.51
1 5 762 18.4334 7053.95
1 6 907 17.7074 6719.79
1 7 1058 17.0052 6404.87
1 8 1210 16.4241 6130.51
1 9 1373 15.9419 5902.61
1 10 1547 15.5007 5693.12
1 11 1724 15.0406 5468.77
1 12 1888 14.6158 5260.3
1 13 2051 14.244 5085.55
1 14 2214 13.8508 4897.71
1 15 2373 13.5581 4758.18
1 16 2506 13.2849 4644.41
1 17 2639 13.0079 4500.6
1 18 2777 12.7594 4382.69
1 19 2912 12.5601 4293.74
1 20 3046 12.358 4199.64
1 21 3191 12.1592 4113.57
1 22 3329 11.9898 4033.06
1 23 3467 11.8309 3952.55
1 24 3600 11.6492 3866.2
1 25 3734 11.5128 3799.16
1 26 3867 11.3758 3734.64
1 27 3997 11.2403 3669.44
1 28 4125 11.0973 3599.94
1 29 4253 10.9753 3539.28
1 30 4381 10.8431 3479.39
1 31 4510 10.7239 3418.89
1 32 4669 10.6209 3372.3
1 33 4810 10.5134 3322.35
1 34 4948 10.4099 3275.17
1 35 5086 10.3208 3235.39
1 36 5219 10.2373 3194.98
1 37 5352 10.1514 3154.19
1 38 5486 10.0783 3124.57
1 39 5619 10.0105 3092.52
1 40 5752 9.92569 3049.96
1 41 5885 9.86002 3020.8
1 42 6018 9.79335 2990.4
1 43 6156 9.73094 2959.3
1 44 6289 9.66878 2931.86
1 45 6421 9.60714 2902.97
1 46 6554 9.54409 2876.96
1 47 6688 9.49351 2858.53
1 48 6824 9.4375 2832.36
1 49 6957 9.38596 2810.16
1 50 7090 9.33583 2784.94
1 51 7224 9.28514 2758.08
1 52 7357 9.23037 2735.47
1 53 7490 9.18761 2718.9
1 54 7628 9.1478 2702.1
1 55 7766 9.10977 2687.68
1 56 7904 9.0743 2673.72
1 57 8041 9.03376 2652.95
1 58 8179 8.99409 2637.46
1 59 8318 8.96055 2626.46
1 60 8473 8.92984 2613.21
1 61 8603 8.89377 2595.14
1 62 8732 8.86346 2581.69
1 63 8861 8.834 2570.3
1 64 8990 8.80077 2555.84
1 65 9129 8.7739 2542.74
1 66 9268 8.75148 2537.19
1 67 9405 8.72742 2526.7
1 68 9538 8.70333 2516.73
1 69 9679 8.68224 2507.19
1 70 9817 8.65245 2497.32
1 71 9955 8.62975 2488.07
1 72 10094 8.60896 2479.82
1 73 10229 8.58498 2469.47
1 74 10366 8.56361 2460.22
1 75 10500 8.53904 2449.61
1 76 10633 8.51705 2439.1
1 77 10767 8.4986 2431.29
1 78 10895 8.48168 2426.14
1 79 11023 8.46444 2416.96
1 80 11151 8.44608 2408.52
1 81 11279 8.42845 2400.7
1 82 11407 8.41021 2393.11
1 83 11535 8.39492 2388.83
1 84 11664 8.37804 2381.51
1 85 11793 8.36205 2372.64
1 86 11926 8.34692 2366.54
1 87 12059 8.33331 2364.79
1 88 12192 8.32116 2360.7
1 89 12326 8.30376 2350.87
1 90 12464 8.28813 2345.67
1 91 12602 8.27399 2338.45
1 92 12740 8.2614 2331.64
1 93 12878 8.2491 2327.52
1 94 13014 8.23679 2323.17
1 95 13153 8.22584 2320.07
1 96 13289 8.21769 2317.39
1 97 13422 8.20457 2311.98
1 98 13564 8.19234 2306.26
1 99 13705 8.17918 2301.48
1 100 13843 8.16944 2296.97
1 101 13981 8.15882 2292.53
1 102 14115 8.14894 2285.16
1 103 14244 8.13817 2281.81
1 104 14372 8.12974 2278.72
1 105 14501 8.12287 2273.79
1 106 14644 8.11219 2272.11
1 107 14779 8.10126 2267.42
1 108 14914 8.092 2264.54
1 109 15048 8.08275 2261.3
1 110 15178 8.07001 2255.46
1 111 15307 8.05964 2249.99
1 112 15436 8.05258 2246.5
1 113 15565 8.045 2242.82
1 114 15693 8.03739 2240.56
1 115 15821 8.0283 2236.63
1 116 15964 8.01725 2233.4
1 117 16097 8.0092 2231.83
1 118 16227 8.00103 2231.29
1 119 16356 7.99603 2228.2
1 120 16480 7.98806 2224.47
1 121 16604 7.98007 2221.75
1 122 16732 7.97438 2220.32
1 123 16860 7.96882 2218.68
1 124 16988 7.96115 2214.89
1 125 17113 7.9534 2212.74
1 126 17238 7.946 2210.39
1 127 17363 7.94043 2208.79
1 128 17500 7.93513 2207.11
1 129 17635 7.93054 2206.84
1 130 17771 7.92398 2203.78
1 131 17914 7.91717 2199.13
1 132 18045 7.91129 2197.71
1 133 18175 7.9061 2195.27
1 134 18304 7.89954 2193.36
1 135 18433 7.89404 2192.26
1 136 18562 7.88743 2187.6
1 137 18697 7.88413 2184.57
1 138 18830 7.87934 2182.45
1 139 18959 7.87047 2180.46
1 140 19092 7.86645 2178.08
1 141 19221 7.86067 2176.87
1 142 19349 7.85415 2175.25
1 143 19474 7.85034 2174.82
1 144 19600 7.84711 2172.62
1 145 19735 7.84328 2171.25
1 146 19868 7.83726 2168.84
1 147 19996 7.83209 2166.98
1 148 20124 7.82876 2165.6
1 149 20252 7.82405 2163.61
1 150 20380 7.81907 2163.66
1 151 20509 7.8152 2162
1 152 20637 7.81127 2159.91
1 153 20765 7.80691 2159.61
1 154 20893 7.80244 2157.2
1 155 21024 7.79771 2155.07
1 156 21164 7.79331 2153.13
1 157 21297 7.79151 2153.94
1 158 21428 7.78643 2151.4
1 159 21557 7.78146 2151.08
1 160 21685 7.77812 2148.78
1 161 21820 7.77326 2147.04
1 162 21954 7.77027 2145.14
1 163 22087 7.76607 2142.93
1 164 22220 7.76375 2142.17
1 165 22353 7.75915 2143.4
1 166 22486 7.75629 2142.98
1 167 22619 7.75292 2141.31
1 168 22752 7.74956 2139.95
1 169 22885 7.74524 2138.8
1 170 23019 7.74069 2136.04
1 171 23151 7.73662 2135.03
1 172 23285 7.73432 2134.64
1 173 23413 7.73098 2133.93
1 174 23542 7.72706 2131.91
1 175 23671 7.72089 2127.96
1 176 23804 7.71748 2127.39
1 177 23937 7.71451 2127.45
1 178 24072 7.71078 2126.42
1 179 24206 7.70719 2123.71
1 180 24339 7.70412 2124.2
1 181 24483 7.69995 2121.36
1 182 24626 7.69679 2120.97
1 183 24765 7.69432 2118.81
1 184 24903 7.69144 2116.85
1 185 25040 7.68915 2115.84
1 186 25184 7.68569 2115.43
1 187 25334 7.68213 2112.57
1 188 25483 7.67875 2112.02
1 189 25625 7.67412 2109.03
1 190 25760 7.67213 2108.73
1 191 25893 7.67028 2108.39
1 192 26027 7.66535 2105.95
1 193 26161 7.66126 2103.32
1 194 26294 7.6594 2102.39
1 195 26427 7.65545 2100.64
1 196 26560 7.65206 2099.24
1 197 26699 7.64912 2098.11
1 198 26831 7.646 2096.53
1 199 26959 7.6447 2096.26
1 200 27088 7.64197 2095.17
2 0 0 27.0821 10524.5
2 1 124 22.9234 9014.07
2 2 257 20.4176 7909.98
2 3 390 19.0992 7316.08
2 4 522 17.9831 6797.09
2 5 655 17.056 6370.58
2 6 788 16.1896 5956.97
2 7 924 15.5651 5661.34
2 8 1062 14.9181 5366.43
2 9 1199 14.3632 5132.22
2 10 1332 13.9048 4903.62
2 11 1464 13.457 4690.85
2 12 1596 13.0725 4508.81
2 13 1724 12.6969 4315.7
2 14 1858 12.3494 4150.87
2 15 1995 12.0128 3980.28
2 16 2143 11.7891 3877.08
2 17 2285 11.5495 3767.56
2 18 2420 11.3262 3670.83
2 19 2553 11.1146 3579.5
2 20 2689 10.9326 3494.88
2 21 2839 10.768 3414.76
2 22 2985 10.6337 3348.59
2 23 3128 10.4649 3273.53
2 24 3271 10.3419 3219.93
2 25 3411 10.2169 3170.29
2 26 3553 10.1082 3119.17
2 27 3697 10.0037 3070.67
2 28 3830 9.90463 3021.7
2 29 3963 9.79753 2978.84
2 30 4096 9.70417 2930.24
2 31 4229 9.62369 2893.05
2 32 4362 9.54055 2853.99
2 33 4495 9.46361 2821.25
2 34 4628 9.39804 2791.25
2 35 4767 9.33661 2765.12
2 36 4911 9.27118 2739.64
2 37 5046 9.21656 2717.13
2 38 5179 9.16073 2694.46
2 39 5313 9.1113 2680.34
2 40 5446 9.05942 2661.95
2 41 5575 9.02453 2642.89
2 42 5709 8.97619 2620.26
2 43 5842 8.93533 2604.72
2 44 5971 8.89359 2584.97
2 45 6102 8.85223 2569.06
2 46 6227 8.81958 2558.3
2 47 6351 8.79027 2547.27
2 48 6476 8.75366 2531.16
2 49 6600 8.72353 2520.45
2 50 6725 8.69074 2507.35
2 51 6859 8.66353 2493.96
2 52 6989 8.63147 2479.91
2 53 7117 8.59679 2461.07
2 54 7245 8.56798 2448.17
2 55 7373 8.5459 2441.61
2 56 7508 8.51854 2429.18
2 57 7647 8.49606 2419.77
2 58 7780 8.47446 2407.05
2 59 7913 8.45415 2395.9
2 60 8041 8.44082 2388.98
2 61 8170 8.41638 2377.82
2 62 8309 8.39438 2373.19
2 63 8448 8.37308 2363.79
2 64 8586 8.35446 2356.94
2 65 8724 8.33389 2351.29
2 66 8862 8.31241 2342.97
2 67 8995 8.29456 2335.23
2 68 9128 8.27791 2328.29
2 69 9257 8.26169 2326.02
2 70 9385 8.25157 2322.66
2 71 9513 8.24069 2318.04
2 72 9644 8.22927 2314.99
2 73 9772 8.20898 2306.08
2 74 9900 8.19508 2301.77
2 75 10032 8.18549 2295.35
2 76 10162 8.17716 2291.17
2 77 10290 8.16313 2287.57
2 78 10432 8.14685 2280.3
2 79 10570 8.13605 2274.76
2 80 10708 8.1195 2266.91
2 81 10846 8.10953 2263.08
2 82 10983 8.09726 2260.07
2 83 11121 8.0874 2253.16
2 84 11257 8.07985 2252.73
2 85 11407 8.06881 2250.39
2 86 11540 8.05877 2247.6
2 87 11669 8.04739 2241.58
2 88 11797 8.03483 2235.87
2 89 11921 8.02867 2233.73
2 90 12047 8.01625 2227.2
2 91 12173 8.0044 2223.83
2 92 12302 7.99547 2218.05
2 93 12431 7.98317 2209.07
2 94 12559 7.9728 2205.61
2 95 12688 7.96007 2200.61
2 96 12817 7.95639 2195.14
2 97 12956 7.95066 2193.88
2 98 13095 7.94449 2190.32
2 99 13228 7.93349 2191.48
2 100 13361 7.92702 2188.3
2 101 13494 7.91949 2183.51
2 102 13627 7.90896 2181.34
2 103 13768 7.89817 2179.94
2 104 13906 7.89088 2177.29
2 105 14041 7.88236 2175.62
2 106 14180 7.87479 2173.83
2 107 14314 7.87168 2165.49
2 108 14447 7.86424 2164.9
2 109 14580 7.86072 2164.73
2 110 14716 7.85805 2162.05
2 111 14849 7.85792 2161.81
2 112 14982 7.8494 2159.04
2 113 15115 7.84224 2154.62
2 114 15248 7.83769 2150.07
2 115 15381 7.82994 2147.95
2 116 15510 7.82788 2145.28
2 117 15639 7.817 2142.96
2 118 15774 7.80903 2141.96
2 119 15908 7.80222 2140.6
2 120 16041 7.79708 2138.92
2 121 16174 7.79123 2135.75
2 122 16310 7.78692 2133.7
2 123 16460 7.78457 2135.39
2 124 16609 7.78172 2131.55
2 125 16752 7.77739 2130.84
2 126 16890 7.77112 2127.55
2 127 17030 7.76577 2121.46
2 128 17168 7.75966 2118.73
2 129 17306 7.75711 2119.66
2 130 17441 7.76022 2122.25
2 131 17575 7.76017 2122.05
2 132 17707 7.75079 2121.23
2 133 17840 7.7418 2116.66
2 134 17973 7.73682 2117.97
2 135 18106 7.73813 2116.45
2 136 18239 7.73288 2110.45
2 137 18371 7.72871 2110.89
2 138 18502 7.72485 2110.6
2 139 18634 7.72276 2109.39
2 140 18762 7.71344 2105.62
2 141 18896 7.70601 2102.45
2 142 19029 7.70206 2099.11
2 143 19160 7.69944 2099.29
2 144 19289 7.69304 2095.27
2 145 19425 7.68807 2093.12
2 146 19565 7.68146 2090.11
2 147 19700 7.67518 2089.72
2 148 19838 7.67218 2088.7
2 149 19977 7.66844 2086.67
2 150 20115 7.66594 2085.61
2 151 20253 7.66418 2083.18
2 152 20392 7.65928 2081.27
2 153 20530 7.6554 2082.03
2 154 20668 7.6493 2081.42
2 155 20805 7.64441 2079.44
2 156 20933 7.64256 2078.69
2 157 21061 7.64274 2079.32
2 158 21189 7.64 2078.75
2 159 21318 7.63995 2076.91
2 160 21451 7.63439 2074.34
2 161 21584 7.62984 2071.59
2 162 21717 7.62819 2071.1
2 163 21846 7.62725 2073.64
2 164 21986 7.62238 2070.81
2 165 22120 7.61836 2071.21
2 166 22250 7.61075 2066.86
2 167 22391 7.61135 2065.26
2 168 22524 7.6099 2065.3
2 169 22658 7.60895 2063.45
2 170 22802 7.60266 2060.42
2 171 22938 7.60084 2061.03
2 172 23082 7.59845 2061.14
2 173 23226 7.59735 2058.97
2 174 23363 7.5962 2057.92
2 175 23500 7.59396 2058.17
2 176 23638 7.59413 2059.91
2 177 23776 7.58894 2058.47
2 178 23914 7.58702 2058.65
2 179 24042 7.5826 2055.99
2 180 24170 7.57984 2053.19
2 181 24298 7.57294 2051.12
2 182 24426 7.57376 2051.51
2 183 24554 7.57095 2050.15
2 184 24683 7.56778 2048.02
2 185 24817 7.56449 2048.03
2 186 24955 7.5597 2047.54
2 187 25091 7.55917 2046.61
2 188 25229 7.55699 2047.06
2 189 25367 7.55483 2044.89
2 190 25505 7.55123 2043.65
2 191 25643 7.54679 2041.79
2 192 25776 7.54492 2039.89
2 193 25909 7.54089 2038.85
2 194 26042 7.5394 2039.71
2 195 26175 7.53707 2039.78
2 196 26310 7.54211 2041.97
2 197 26443 7.5327 2037.1
2 198 26569 7.52845 2035.34
2 199 26697 7.52542 2033.18
2 200 26826 7.52661 2033.47
3 0 0 27.0821 10524.5
3 1 123 20.0026 7729.67
3 2 248 17.7925 6708.95
3 3 373 16.4679 6149.97
3 4 509 15.181 5532.57
3 5 650 14.0996 5009.99
3 6 785 13.433 4682.67
3 7 917 12.9811 4455.85
3 8 1046 12.4954 4192.48
3 9 1178 12.0117 3982.89
3 10 1318 11.6381 3812.55
3 11 1452 11.2604 3622.14
3 12 1582 10.9732 3505.87
3 13 1711 10.704 3382.01
3 14 1841 10.4486 3265.17
3 15 1971 10.2133 3148.56
3 16 2100 10.0099 3057.44
3 17 2236 9.85067 2998.25
3 18 2372 9.69391 2925.05
3 19 2508 9.58066 2865.67
3 20 2645 9.43005 2804.75
3 21 2777 9.31259 2758.83
3 22 2907 9.19624 2707.76
3 23 3042 9.12663 2671.9
3 24 3177 9.03805 2639.02
3 25 3312 8.9763 2604.48
3 26 3457 8.89009 2569.68
3 27 3603 8.82143 2544.57
3 28 3747 8.76922 2528.89
3 29 3883 8.70865 2497.14
3 30 4012 8.67413 2479.57
3 31 4145 8.61384 2455.02
3 32 4287 8.56623 2426.42
3 33 4426 8.52703 2411.31
3 34 4560 8.49139 2395.85
3 35 4690 8.45776 2379.54
3 36 4819 8.41271 2365.93
3 37 4949 8.37317 2358.08
3 38 5079 8.35212 2352.12
3 39 5208 8.33012 2341.53
3 40 5341 8.29213 2322.74
3 41 5472 8.27228 2319.11
3 42 5601 8.25401 2311.76
3 43 5730 8.2257 2295.69
3 44 5860 8.21208 2286.58
3 45 5990 8.19793 2280.37
3 46 6120 8.1706 2272.7
3 47 6252 8.15602 2267.69
3 48 6381 8.13376 2264.25
3 49 6516 8.12279 2256.94
3 50 6648 8.10455 2242.07
3 51 6778 8.08738 2236.51
3 52 6906 8.07071 2239.56
3 53 7037 8.05914 2231.5
3 54 7169 8.04567 2226.35
3 55 7300 8.02245 2219.48
3 56 7433 8.01322 2213.1
3 57 7569 8.00485 2203.47
3 58 7703 7.99503 2196.11
3 59 7837 7.9844 2187.78
3 60 7971 7.98647 2181.16
3 61 8105 7.9597 2178.92
3 62 8238 7.95474 2174.55
3 63 8368 7.94275 2170.07
3 64 8503 7.92906 2168.96
3 65 8639 7.91167 2162.6
3 66 8774 7.89925 2164.52
3 67 8917 7.89482 2157.37
3 68 9057 7.87883 2152.41
3 69 9191 7.87816 2147.49
3 70 9325 7.86176 2145.28
3 71 9460 7.85859 2142.79
3 72 9594 7.85876 2139.74
3 73 9728 7.84297 2132.61
3 74 9863 7.83521 2128.45
3 75 9998 7.82525 2126.32
3 76 10129 7.81356 2127.45
3 77 10259 7.81491 2127.72
3 78 10398 7.81886 2125.51
3 79 10536 7.79771 2120.31
3 80 10670 7.80295 2119.61
3 81 10804 7.80116 2121.4
3 82 10938 7.7889 2119.25
3 83 11072 7.77351 2112.91
3 84 11206 7.76413 2111.97
3 85 11340 7.7502 2111.18
3 86 11490 7.74839 2108.12
3 87 11638 7.73614 2102.85
3 88 11787 7.73348 2102.02
3 89 11933 7.73444 2099.05
3 90 12083 7.73578 2095.91
3 91 12239 7.72606 2090.46
3 92 12385 7.71457 2087.27
3 93 12531 7.70469 2085.97
3 94 12696 7.70979 2088.48
3 95 12855 7.70796 2085.48
3 96 13010 7.70578 2084.48
3 97 13168 7.69882 2076.05
3 98 13299 7.69032 2074.44
3 99 13441 7.6929 2073.8
3 100 13581 7.69332 2076.72
3 101 13718 7.69282 2074.01
3 102 13856 7.69 2072.89
3 103 13991 7.68693 2070.71
3 104 14126 7.68818 2072.1
3 105 14261 7.66743 2066.78
3 106 14397 7.65902 2062.56
3 107 14544 7.65842 2062.88
3 108 14684 7.65109 2062.35
3 109 14821 7.64965 2058.39
3 110 14956 7.6553 2064.72
3 111 15096 7.64208 2060.66
3 112 15238 7.64276 2055.63
3 113 15369 7.63382 2051.58
3 114 15500 7.63633 2052.38
3 115 15642 7.63918 2053.62
3 116 15782 7.63431 2050.08
3 117 15922 7.61388 2043.65
3 118 16066 7.60369 2043.25
3 119 16211 7.61146 2046.72
3 120 16355 7.60477 2047.77
3 121 16495 7.60765 2046.23
3 122 16635 7.60318 2044.06
3 123 16771 7.5823 2038.12
3 124 16906 7.57718 2037.41
3 125 17042 7.58406 2035.99
3 126 17178 7.57802 2033.11
3 127 17318 7.57155 2030.98
3 128 17459 7.56897 2029
3 129 17599 7.56802 2030.17
3 130 17739 7.5628 2029.58
3 131 17880 7.5592 2028.78
3 132 18017 7.55431 2027.67
3 133 18165 7.56032 2026.48
3 134 18310 7.56041 2026.74
3 135 18450 7.55821 2026.57
3 136 18591 7.56226 2031.18
3 137 18732 7.56736 2031.4
3 138 18868 7.56583 2028.8
3 139 19003 7.56358 2027.12
3 140 19146 7.57298 2025.94
3 141 19300 7.55841 2020.18
3 142 19435 7.54451 2017.95
3 143 19564 7.53869 2014.69
3 144 19691 7.54004 2018.06
3 145 19817 7.52402 2017.02
3 146 19944 7.52189 2017.05
3 147 20070 7.50778 2016.85
3 148 20197 7.5081 2013.74
3 149 20325 7.50881 2011.93
3 150 20451 7.50691 2011.63
3 151 20577 7.51058 2013.31
3 152 20708 7.50191 2008.28
3 153 20844 7.49581 2007.98
3 154 20983 7.49742 2007.3
3 155 21119 7.49754 2010.43
3 156 21256 7.49952 2008.15
3 157 21391 7.49509 2005.89
3 158 21517 7.49411 2003.31
3 159 21648 7.4904 2002.73
3 160 21779 7.48555 1998.82
3 161 21909 7.49831 2001.24
3 162 22039 7.48654 2000.53
3 163 22169 7.48371 1997.71
3 164 22302 7.4842 1993.98
3 165 22435 7.48869 1994.02
3 166 22565 7.48211 1996.54
3 167 22696 7.475 1994.75
3 168 22825 7.47554 1996.97
3 169 22955 7.47368 1998.24
3 170 23088 7.47713 2002.15
3 171 23219 7.48247 2003.12
3 172 23364 7.46101 2000.24
3 173 23506 7.46758 2002.31
3 174 23643 7.4571 1997.52
3 175 23779 7.45556 1999.32
3 176 23910 7.45962 2000.03
3 177 24042 7.44922 1996.81
3 178 24173 7.45406 1999.99
3 179 24305 7.44211 1997.06
3 180 24434 7.43256 1995.7
3 181 24560 7.42834 1991.27
3 182 24685 7.42996 1989.61
3 183 24810 7.4297 1988.07
3 184 24937 7.41818 1986.72
3 185 25062 7.4168 1984.22
3 186 25192 7.41492 1983.38
3 187 25317 7.42301 1981.01
3 188 25442 7.41765 1980.92
3 189 25583 7.41705 1982.22
3 190 25715 7.42017 1981.3
3 191 25845 7.41788 1983.59
3 192 25975 7.40853 1978.71
3 193 26106 7.41272 1979.43
3 194 26239 7.42366 1980.75
3 195 26371 7.41722 1976.83
3 196 26501 7.41069 1973.8
3 197 26636 7.4112 1974.13
3 198 26771 7.41751 1974.29
3 199 26906 7.41006 1972.15
3 200 27041 7.41428 1975.04
4 0 0 27.0821 10524.5
4 1 127 16.7562 6345.47
4 2 259 13.9044 5010.22
4 3 392 12.5803 4322.53
4 4 524 11.8704 3981.02
4 5 656 11.2824 3717.06
4 6 787 10.8922 3542.7
4 7 918 10.5927 3375.7
4 8 1049 10.3697 3262.56
4 9 1180 10.1318 3154.18
4 10 1317 9.95838 3066.55
4 11 1449 9.77873 2966.77
4 12 1579 9.62008 2888.87
4 13 1713 9.49915 2831.92
4 14 1844 9.35101 2777.3
4 15 1975 9.29563 2738.3
4 16 2108 9.19179 2693.93
4 17 2242 9.08959 2648.54
4 18 2373 9.02208 2608.34
4 19 2504 8.95668 2581.29
4 20 2635 8.91503 2560.69
4 21 2766 8.88938 2542.44
4 22 2897 8.83401 2520
4 23 3028 8.76821 2488.03
4 24 3162 8.67802 2471.13
4 25 3298 8.64406 2445.36
4 26 3435 8.58913 2436.17
4 27 3572 8.59314 2437.74
4 28 3709 8.56292 2415.97
4 29 3841 8.4991 2391.26
4 30 3973 8.47199 2380.35
4 31 4108 8.45021 2369.61
4 32 4245 8.39262 2339.3
4 33 4379 8.3724 2333.55
4 34 4516 8.39073 2332.46
4 35 4652 8.36132 2323.46
4 36 4788 8.34671 2314.61
4 37 4923 8.29962 2296.2
4 38 5059 8.29368 2293.61
4 39 5201 8.28174 2290.34
4 40 5337 8.26267 2285.43
4 41 5474 8.26722 2280.57
4 42 5609 8.24151 2273.21
4 43 5745 8.20964 2262.62
4 44 5881 8.20868 2261.85
4 45 6013 8.19365 2252.31
4 46 6145 8.16431 2244.01
4 47 6278 8.15112 2238.9
4 48 6413 8.14926 2235.13
4 49 6549 8.11245 2228.25
4 50 6685 8.07455 2212.98
4 51 6818 8.06922 2208.6
4 52 6949 8.04125 2205.24
4 53 7085 8.02863 2204.63
4 54 7222 8.01413 2194.28
4 55 7357 8.03138 2200.55
4 56 7489 8.02291 2195.82
4 57 7621 8.04033 2195.6
4 58 7752 8.03667 2191.22
4 59 7889 8.02692 2189.4
4 60 8025 8.02546 2187.73
4 61 8161 8.01097 2189.94
4 62 8297 8.00472 2189.19
4 63 8435 7.99248 2187.44
4 64 8578 7.99878 2185.15
4 65 8719 7.98053 2178.15
4 66 8860 7.95689 2167.07
4 67 9001 7.95383 2160.33
4 68 9141 7.93455 2155.26
4 69 9282 7.92683 2157.12
4 70 9428 7.93113 2153.9
4 71 9564 7.9375 2152.38
4 72 9700 7.9359 2145.08
4 73 9836 7.92246 2142.39
4 74 9968 7.91314 2136.66
4 75 10100 7.89351 2130.91
4 76 10231 7.91697 2141.85
4 77 10380 7.93229 2151.26
4 78 10521 7.91494 2138.56
4 79 10657 7.90842 2138.82
4 80 10790 7.90059 2136.22
4 81 10925 7.89425 2134.68
4 82 11057 7.87661 2129.45
4 83 11189 7.87664 2127.76
4 84 11327 7.87213 2124.96
4 85 11468 7.85073 2113.85
4 86 11603 7.83618 2110.5
4 87 11739 7.83648 2109.3
4 88 11875 7.82572 2108.34
4 89 12011 7.8192 2100.74
4 90 12147 7.79656 2096.81
4 91 12278 7.78861 2092.66
4 92 12411 7.80011 2094.7
4 93 12548 7.80355 2092.31
4 94 12683 7.80021 2088.99
4 95 12820 7.81075 2092.4
4 96 12955 7.80276 2090.86
4 97 13090 7.78602 2086.87
4 98 13225 7.77768 2081.43
4 99 13360 7.78059 2079.82
4 100 13496 7.76046 2072.81
4 101 13631 7.75606 2074.38
4 102 13774 7.7524 2072.07
4 103 13928 7.75893 2074.22
4 104 14073 7.75137 2067.52
4 105 14215 7.75569 2068.73
4 106 14354 7.75754 2069.4
4 107 14491 7.74193 2064.07
4 108 14640 7.75863 2068.79
4 109 14782 7.74597 2065.55
4 110 14923 7.74313 2064.59
4 111 15059 7.75339 2065.45
4 112 15194 7.73615 2063.39
4 113 15332 7.72867 2062.46
4 114 15473 7.72507 2056.08
4 115 15609 7.7256 2058.42
4 116 15753 7.70725 2056.74
4 117 15895 7.71095 2055.69
4 118 16031 7.704 2052.02
4 119 16178 7.69106 2044.43
4 120 16317 7.68899 2042.65
4 121 16453 7.69443 2043.74
4 122 16589 7.69051 2045.75
4 123 16725 7.67955 2041.6
4 124 16864 7.70753 2048.31
4 125 17000 7.70124 2043.2
4 126 17136 7.6833 2040.81
4 127 17271 7.67977 2037.85
4 128 17407 7.67213 2032.49
4 129 17543 7.66314 2032.82
4 130 17682 7.66132 2031.98
4 131 17814 7.65313 2031.92
4 132 17945 7.66312 2033.94
4 133 18077 7.65556 2030.68
4 134 18208 7.67691 2027.98
4 135 18339 7.69803 2036.15
4 136 18471 7.73295 2044
4 137 18604 7.7108 2035.19
4 138 18742 7.69449 2032.59
4 139 18879 7.69824 2030.31
4 140 19016 7.65724 2019.24
4 141 19154 7.65478 2017.32
4 142 19288 7.63988 2013.7
4 143 19419 7.63659 2011.78
4 144 19556 7.64028 2011.59
4 145 19692 7.64305 2014.27
4 146 19828 7.64452 2014.71
4 147 19965 7.64219 2015.18
4 148 20097 7.6419 2012.03
4 149 20232 7.65932 2010.3
4 150 20378 7.64234 2007.1
4 151 20519 7.63188 2006.92
4 152 20655 7.62581 2005.63
4 153 20792 7.61622 2003.96
4 154 20928 7.61186 2004.18
4 155 21064 7.61412 2002.84
4 156 21200 7.62027 2003.88
4 157 21332 7.63173 2004.58
4 158 21467 7.62626 1999.72
4 159 21605 7.62964 2001.85
4 160 21748 7.63855 2002.18
4 161 21891 7.63838 2005.17
4 162 22033 7.63459 2002.4
4 163 22180 7.63195 2002.34
4 164 22324 7.63022 2002.12
4 165 22463 7.60499 1995
4 166 22599 7.60861 2000.4
4 167 22735 7.6165 2002.25
4 168 22871 7.62108 2003.95
4 169 23008 7.61327 2002.95
4 170 23140 7.59929 2001.16
4 171 23271 7.59641 2000.86
4 172 23404 7.59555 2001.8
4 173 23541 7.59657 2001.45
4 174 23677 7.61276 2005.41
4 175 23813 7.60736 2007.73
4 176 23946 7.59287 2003.5
4 177 24073 7.58112 2002.63
4 178 24204 7.60055 2007.02
4 179 24335 7.59251 2005.81
4 180 24478 7.60555 2009.72
4 181 24619 7.6161 2010.91
4 182 24757 7.62161 2009.36
4 183 24898 7.61518 2009.48
4 184 25036 7.63744 2016.82
4 185 25173 7.60935 2009.48
4 186 25309 7.59471 2005.57
4 187 25441 7.6035 2006.07
4 188 25570 7.61274 2008.12
4 189 25701 7.60318 2006.11
4 190 25833 7.58441 2004.52
4 191 25965 7.56461 2002
4 192 26098 7.55767 2003.83
4 193 26230 7.56941 2006.18
4 194 26362 7.55993 2006.28
4 195 26493 7.53878 2002.83
4 196 26629 7.53192 1998.93
4 197 26766 7.53954 1999.75
4 198 26897 7.52209 1988.41
4 199 27028 7.50997 1987.2
4 200 27160 7.51527 1990.19
5 0 0 27.0821 10524.5
5 1 128 16.4756 5857.43
5 2 262 13.4776 4764.85
5 3 412 12.5656 4228.39
5 4 557 11.7307 3726.6
5 5 702 11.1695 3496.7
5 6 854 10.6799 3326.49
5 7 995 10.3352 3177.23
5 8 1135 10.0567 3074.87
5 9 1276 9.8942 2960.77
5 10 1416 9.70393 2883.8
5 11 1556 9.58478 2829.91
5 12 1693 9.45674 2756.87
5 13 1827 9.3461 2711.47
5 14 1962 9.25257 2677.51
5 15 2097 9.21523 2630.21
5 16 2231 9.09769 2608.14
5 17 2366 9.05875 2594.13
5 18 2500 9.02366 2574.74
5 19 2635 8.97644 2551.76
5 20 2769 8.9121 2532.43
5 21 2904 8.87212 2520.61
5 22 3039 8.8695 2506.96
5 23 3179 8.7767 2469.79
5 24 3324 8.76038 2456.74
5 25 3463 8.77329 2449.48
5 26 3603 8.68145 2429.8
5 27 3743 8.67477 2422.23
5 28 3883 8.66407 2413.6
5 29 4018 8.63314 2407.17
5 30 4153 8.59365 2397.5
5 31 4295 8.59072 2392.79
5 32 4441 8.5551 2387.82
5 33 4582 8.56131 2382.71
5 34 4728 8.58631 2372.66
5 35 4867 8.49386 2357.68
5 36 5004 8.461 2346.12
5 37 5151 8.43744 2346.83
5 38 5297 8.45852 2347.94
5 39 5432 8.46891 2347.89
5 40 5569 8.43582 2346.32
5 41 5700 8.47853 2352.01
5 42 5832 8.46041 2342.22
5 43 5970 8.41774 2319.55
5 44 6106 8.4195 2313.01
5 45 6241 8.43003 2313.27
5 46 6376 8.41601 2308.03
5 47 6509 8.39624 2303.68
5 48 6639 8.39912 2303.7
5 49 6769 8.4598 2321.82
5 50 6902 8.42635 2312.09
5 51 7044 8.36938 2292.82
5 52 7184 8.31298 2266.5
5 53 7324 8.27845 2256
5 54 7464 8.25622 2240.01
5 55 7604 8.24545 2237.61
5 56 7746 8.26742 2232.63
5 57 7883 8.27152 2238.69
5 58 8019 8.23117 2229.45
5 59 8161 8.23987 2223.01
5 60 8302 8.22078 2217.19
5 61 8436 8.21818 2209.11
5 62 8571 8.16911 2205.15
5 63 8706 8.17078 2210.35
5 64 8848 8.15905 2206.6
5 65 8996 8.1361 2203.47
5 66 9136 8.14109 2194.99
5 67 9281 8.14207 2200.38
5 68 9427 8.12519 2199.55
5 69 9572 8.13394 2206.97
5 70 9715 8.12468 2197.2
5 71 9850 8.10334 2189.6
5 72 9985 8.0826 2174.63
5 73 10120 8.07728 2173.52
5 74 10255 8.06948 2167.76
5 75 10390 8.12549 2186.37
5 76 10525 8.08958 2179.23
5 77 10655 8.12166 2186.6
5 78 10787 8.1309 2193.41
5 79 10919 8.12928 2190.56
5 80 11053 8.11413 2188.5
5 81 11185 8.09928 2177.5
5 82 11316 8.08242 2167.13
5 83 11451 8.09996 2169.5
5 84 11582 8.14373 2177.88
5 85 11712 8.09248 2158.93
5 86 11847 8.04621 2145.58
5 87 11996 8.05225 2149.55
5 88 12137 8.04714 2145.47
5 89 12273 8.05513 2145.41
5 90 12408 8.0244 2132.89
5 91 12542 8.01059 2128.4
5 92 12677 8.00555 2129.82
5 93 12805 8.02415 2137.29
5 94 12936 8.01889 2133.65
5 95 13067 8.03625 2131.88
5 96 13198 8.03847 2134.5
5 97 13328 8.05874 2140.5
5 98 13461 8.00705 2133.8
5 99 13595 8.0225 2135.13
5 100 13730 8.01207 2125.08
5 101 13865 7.99508 2120.24
5 102 13999 7.96453 2112
5 103 14135 7.9759 2117.57
5 104 14270 7.95061 2114.81
5 105 14404 7.96287 2119.43
5 106 14535 7.9975 2118.95
5 107 14665 7.99133 2114.71
5 108 14794 7.96779 2112.03
5 109 14919 7.98067 2114.63
5 110 15044 7.96465 2114.34
5 111 15169 7.98159 2116.23
5 112 15294 7.96702 2111.27
5 113 15418 7.99531 2118.9
5 114 15543 7.96938 2115.4
5 115 15668 7.94135 2104.62
5 116 15793 7.89173 2097.14
5 117 16003 7.92603 2102.61
5 118 16192 7.88996 2095
5 119 16358 7.87108 2088.63
5 120 16575 7.86949 2086.05
5 121 16763 7.86247 2083.93
5 122 16923 7.86246 2087.13
5 123 17041 7.85581 2085.84
5 124 17159 7.85787 2088.67
5 125 17278 7.86786 2094.18
5 126 17397 7.86701 2092.87
5 127 17516 7.86791 2093.43
5 128 17634 7.85948 2087.33
5 129 17752 7.86912 2089.69
5 130 17870 7.88704 2092.03
5 131 17988 7.86878 2088.57
5 132 18106 7.84671 2086.66
5 133 18225 7.84639 2087.91
5 134 18343 7.84619 2089.6
5 135 18461 7.86005 2092.53
5 136 18579 7.84956 2088.08
5 137 18697 7.85799 2087.71
5 138 18815 7.84777 2083.31
5 139 18933 7.85559 2088.36
5 140 19051 7.8456 2087.22
5 141 19169 7.84432 2081.71
5 142 19287 7.86877 2089.59
5 143 19407 7.85431 2085.7
5 144 19525 7.84343 2084.47
5 145 19643 7.83582 2082.35
5 146 19762 7.82095 2079.18
5 147 19880 7.81775 2077.94
5 148 19999 7.81566 2075.94
5 149 20119 7.81761 2069.86
5 150 20245 7.81582 2070.93
5 151 20372 7.81289 2069.23
5 152 20498 7.8104 2066.38
5 153 20629 7.80389 2066.66
5 154 20760 7.80507 2069.16
5 155 20902 7.80741 2070.82
5 156 21035 7.81825 2073.34
5 157 21166 7.8565 2078.81
5 158 21299 7.84436 2080.92
5 159 21432 7.82462 2080.58
5 160 21565 7.82444 2077.37
5 161 21701 7.8158 2078.09
5 162 21836 7.81687 2077.15
5 163 21972 7.79368 2071.55
5 164 22107 7.79939 2072.4
5 165 22242 7.79363 2074.42
5 166 22376 7.78141 2071.6
5 167 22511 7.77775 2068.23
5 168 22646 7.78229 2069.38
5 169 22782 7.82206 2075.26
5 170 22917 7.82503 2078.52
5 171 23052 7.83641 2080.29
5 172 23187 7.82513 2076.95
5 173 23323 7.80976 2074.34
5 174 23458 7.80627 2073.21
5 175 23592 7.80572 2071.7
5 176 23729 7.79604 2068.8
5 177 23863 7.79637 2067.06
5 178 23998 7.79748 2066.73
5 179 24133 7.78487 2063.66
5 180 24268 7.79405 2063.98
5 181 24404 7.78044 2063.12
5 182 24539 7.77629 2060.71
5 183 24674 7.80081 2065.72
5 184 24808 7.78115 2063.04
5 185 24942 7.80298 2067.61
5 186 25077 7.77513 2062.97
5 187 25212 7.77764 2063.13
5 188 25347 7.78835 2065.74
5 189 25481 7.78053 2066.88
5 190 25616 7.79624 2070.48
5 191 25751 7.79281 2068.89
5 192 25886 7.77578 2062.04
5 193 26021 7.76793 2061.6
5 194 26155 7.79282 2067.17
5 195 26290 7.78623 2065
5 196 26426 7.77936 2060.86
5 197 26561 7.77785 2061.42
5 198 26697 7.76414 2058.37
5 199 26832 7.76374 2058.19
5 200 26967 7.76895 2060.73
6 0 0 27.0821 10524.5
6 1 131 13.8992 4662.64
6 2 271 11.5027 3514.91
6 3 405 10.5252 3057.04
6 4 539 9.97505 2880.47
6 5 673 9.61615 2699.54
6 6 806 9.347 2617.45
6 7 936 9.21705 2552.45
6 8 1068 9.04505 2457.17
6 9 1204 8.94078 2395.34
6 10 1339 8.77889 2326.89
6 11 1476 8.69366 2307.65
6 12 1612 8.66872 2306
6 13 1748 8.68101 2333.09
6 14 1884 8.57614 2283.9
6 15 2020 8.60282 2283.22
6 16 2157 8.58132 2297.35
6 17 2295 8.5219 2286.52
6 18 2432 8.56435 2293.86
6 19 2569 8.47112 2286.98
6 20 2705 8.5341 2300.69
6 21 2841 8.4241 2279.68
6 22 2978 8.4181 2280.69
6 23 3115 8.3557 2251.17
6 24 3252 8.34878 2248.67
6 25 3388 8.38403 2249.79
6 26 3525 8.33575 2217.31
6 27 3662 8.31708 2205.21
6 28 3799 8.37793 2218.04
6 29 3935 8.34584 2228.03
6 30 4071 8.34777 2223.11
6 31 4208 8.26015 2204.27
6 32 4344 8.27071 2212.45
6 33 4480 8.27062 2186.33
6 34 4617 8.20368 2163.52
6 35 4754 8.28484 2173.32
6 36 4891 8.33962 2191.56
6 37 5027 8.22618 2138.63
6 38 5163 8.19345 2129.46
6 39 5299 8.19168 2128.69
6 40 5435 8.1794 2120.09
6 41 5575 8.15028 2126.73
6 42 5711 8.1426 2113.52
6 43 5845 8.22191 2122.14
6 44 5977 8.17708 2123.91
6 45 6113 8.24745 2134.45
6 46 6249 8.18158 2124.47
6 47 6385 8.18157 2126.96
6 48 6522 8.11149 2111.53
6 49 6658 8.09401 2100.29
6 50 6795 8.10315 2093.5
6 51 6931 8.19503 2135.61
6 52 7067 8.05541 2099.63
6 53 7205 8.01027 2087.37
6 54 7341 8.07929 2101.29
6 55 7478 8.01796 2081.07
6 56 7615 7.98429 2095.62
6 57 7751 7.99584 2094.3
6 58 7889 7.95305 2089.43
6 59 8025 7.96036 2088.75
6 60 8161 7.94701 2087.71
6 61 8296 7.95568 2094.52
6 62 8432 7.89144 2070.98
6 63 8569 7.93597 2075.51
6 64 8705 7.91352 2068.49
6 65 8841 7.90765 2064.07
6 66 8976 7.869 2054.19
6 67 9113 7.82495 2033.77
6 68 9249 7.82784 2023.8
6 69 9385 7.89416 2038.73
6 70 9522 7.8392 2031.55
6 71 9657 7.81536 2032.68
6 72 9790 7.84872 2041.46
6 73 9921 7.80477 2036.81
6 74 10052 7.7938 2033.29
6 75 10184 7.78859 2034.91
6 76 10316 7.80374 2040.7
6 77 10447 7.76893 2040.14
6 78 10579 7.70841 2022.04
6 79 10710 7.70769 2027.28
6 80 10842 7.69519 2033.48
6 81 10977 7.68265 2033.47
6 82 11113 7.70752 2033.89
6 83 11250 7.79635 2075.76
6 84 11386 7.74852 2058.47
6 85 11522 7.71556 2050.34
6 86 11659 7.74025 2052.84
6 87 11792 7.745 2051.8
6 88 11930 7.67603 2040.43
6 89 12068 7.67852 2038.21
6 90 12205 7.64121 2020.7
6 91 12341 7.74055 2045.7
6 92 12478 7.83028 2076.43
6 93 12620 7.71482 2047.33
6 94 12763 7.77628 2067.72
6 95 12904 7.79839 2072.5
6 96 13046 7.73395 2057.33
6 97 13188 7.65215 2026.7
6 98 13330 7.62721 2025.77
6 99 13472 7.63206 2028.2
6 100 13614 7.63506 2025.57
6 101 13756 7.64708 2021.27
6 102 13894 7.63838 2023.12
6 103 14031 7.62925 2019.8
6 104 14164 7.61698 2016.69
6 105 14297 7.62464 2020.14
6 106 14430 7.59471 2019.02
6 107 14562 7.56994 2007.4
6 108 14694 7.60012 2023.17
6 109 14825 7.66539 2042.25
6 110 14954 7.634 2027.67
6 111 15082 7.64141 2027.5
6 112 15210 7.60391 2023.17
6 113 15338 7.56641 2008.43
6 114 15466 7.56704 2002.82
6 115 15594 7.59683 2030.41
6 116 15722 7.6008 2034.89
6 117 15850 7.62407 2035.16
6 118 15978 7.66861 2046.81
6 119 16105 7.66336 2034.97
6 120 16233 7.61729 2013.32
6 121 16356 7.619 2016.93
6 122 16476 7.60362 2014.96
6 123 16596 7.72052 2056.23
6 124 16715 7.65373 2033.56
6 125 16834 7.72652 2057.32
6 126 16961 7.59465 2015.04
6 127 17088 7.61943 2027.52
6 128 17215 7.63747 2029.7
6 129 17350 7.58848 2018.67
6 130 17481 7.62052 2025.84
6 131 17613 7.64752 2032.15
6 132 17744 7.63151 2030.47
6 133 17877 7.63966 2023.63
6 134 18018 7.57001 2006.02
6 135 18161 7.60908 2008.05
6 136 18302 7.58531 2003.32
6 137 18440 7.58389 1997.29
6 138 18576 7.61816 2005.35
6 139 18717 7.54252 1987.89
6 140 18851 7.56635 1987.2
6 141 18985 7.59289 1987.83
6 142 19117 7.56203 1982.07
6 143 19249 7.51962 1973.8
6 144 19385 7.51621 1973.18
6 145 19521 7.50734 1967.59
6 146 19657 7.47681 1962.56
6 147 19793 7.45601 1963.01
6 148 19930 7.45358 1968.75
6 149 20067 7.45552 1968.07
6 150 20202 7.457 1970.58
6 151 20340 7.45664 1970.49
6 152 20475 7.46574 1981.63
6 153 20607 7.46034 1976.26
6 154 20740 7.44716 1969.96
6 155 20885 7.49103 1981.47
6 156 21022 7.5052 1987.42
6 157 21156 7.50015 1983.97
6 158 21288 7.50049 1982.86
6 159 21420 7.47012 1970.2
6 160 21548 7.48532 1967.21
6 161 21675 7.4783 1966.29
6 162 21803 7.4928 1974.27
6 163 21931 7.48363 1969.37
6 164 22059 7.44625 1960.84
6 165 22187 7.39754 1951.72
6 166 22313 7.42008 1955.89
6 167 22433 7.49832 1973.3
6 168 22552 7.47241 1961.2
6 169 22671 7.54918 1970.67
6 170 22791 7.50741 1962.7
6 171 22911 7.48868 1957.39
6 172 23030 7.4927 1963.25
6 173 23149 7.46347 1954.81
6 174 23268 7.4412 1954.36
6 175 23387 7.44118 1954.09
6 176 23535 7.45018 1959.92
6 177 23672 7.45465 1959.79
6 178 23791 7.44545 1954.71
6 179 23910 7.41165 1947.06
6 180 24029 7.40918 1950.16
6 181 24149 7.38769 1947.84
6 182 24271 7.38585 1949.15
6 183 24391 7.39959 1953.59
6 184 24511 7.39893 1957.62
6 185 24631 7.42 1957.7
6 186 24751 7.4373 1971.06
6 187 24871 7.43184 1966.93
6 188 24991 7.45029 1975.81
6 189 25110 7.49046 1982.95
6 190 25230 7.51385 1989.71
6 191 25349 7.47792 1981.41
6 192 25468 7.45544 1972.56
6 193 25587 7.46419 1977.08
6 194 25706 7.43879 1972.87
6 195 25825 7.44182 1976.18
6 196 25944 7.42733 1974
6 197 26063 7.42929 1976.43
6 198 26182 7.4144 1966.73
6 199 26301 7.4116 1969.95
6 200 26420 7.41844 1975.06
