10 0 526 0 0.5573 0.48822 0.123626 0.00700027 0.0037124
10 0 526 1 0.506694 0.473209 0.0184097 0.00566668 0.0037124
10 0 526 2 0.621551 0.475364 0.0378104 0.00338433 0.0037124
10 0 526 3 0.544148 0.511918 0.045551 0.0565632 0.0037124
10 0 526 4 0.48774 0.489225 0.0132823 0.00537943 0.0037124
10 0 526 5 0.467146 0.485534 0.0699928 0.0382718 0.0037124
10 0 526 6 0.547026 0.515389 0.0982007 0.0160837 0.0037124
10 0 526 7 0.551905 0.489834 0.0835791 0.00868507 0.0037124
10 0 526 8 0.510594 0.518325 0.0748537 0.0479592 0.0037124
10 0 526 9 0.575347 0.481974 0.0369458 0.00914939 0.0037124
10 0 526 10 0.570898 0.497319 0.0443077 0.0231393 0.0037124
10 0 526 11 0.507178 0.508284 0.0391475 0.0109205 0.0037124
10 0 526 12 0.511967 0.510964 0.0662253 0.0210208 0.0037124
10 0 526 13 0.561108 0.516406 0.0382694 0.0271947 0.0037124
10 0 526 14 0.520181 0.484605 0.0382439 0.00844044 0.0037124
10 0 526 15 0.505096 0.499554 0.0617003 0.00973269 0.0037124
10 0 526 16 0.542692 0.495417 0.0428835 0.0185489 0.0037124
10 0 526 17 0.525417 0.517348 0.0463528 0.0436979 0.0037124
10 0 526 18 0.51595 0.515747 0.0529636 0.0136471 0.0037124
10 0 526 19 0.527094 0.498899 0.0429428 0.0112467 0.0037124
10 0 526 20 0.530229 0.510744 0.0465425 0.0164209 0.0037124
10 0 526 21 0.563287 0.496499 0.0344476 0.0236405 0.0037124
10 0 526 22 0.524982 0.488115 0.0403956 0.0126058 0.0037124
10 0 526 23 0.532661 0.512893 0.0311664 0.0221726 0.0037124
10 0 526 24 0.530431 0.501913 0.0495462 0.0158927 0.0037124
10 0 526 25 0.546851 0.511972 0.0565088 0.0350976 0.0037124
10 0 526 26 0.539671 0.513757 0.0369061 0.0297795 0.0037124
10 0 526 27 0.52068 0.493208 0.0438662 0.0202985 0.0037124
10 0 526 28 0.516336 0.492086 0.0455657 0.0180546 0.0037124
10 0 526 29 0.54204 0.508148 0.062938 0.0358407 0.0037124
10 0 526 30 0.521683 0.504188 0.0241203 0.0220788 0.0037124
10 0 526 31 0.52607 0.498137 0.0612614 0.0140364 0.0037124
10 0 526 32 0.512749 0.494344 0.0588627 0.0199927 0.0037124
10 0 526 33 0.551504 0.50897 0.0455695 0.0193264 0.0037124
10 0 526 34 0.545778 0.518002 0.0293472 0.0144468 0.0037124
10 0 526 35 0.54798 0.498723 0.0450939 0.0187053 0.0037124
10 0 526 36 0.553135 0.49692 0.0462633 0.0193628 0.0037124
10 0 526 37 0.545175 0.514132 0.0440981 0.0237189 0.0037124
10 0 526 38 0.539955 0.505199 0.0418632 0.0242618 0.0037124
10 0 526 39 0.52766 0.502919 0.037761 0.028647 0.0037124
10 0 526 40 0.525348 0.513205 0.0433166 0.0374432 0.0037124
10 0 526 41 0.541794 0.516818 0.0484586 0.0234142 0.0037124
10 0 526 42 0.537321 0.514802 0.0436474 0.0248643 0.0037124
10 0 526 43 0.539115 0.503367 0.0453005 0.0174907 0.0037124
10 0 526 44 0.532523 0.498901 0.0461116 0.0224577 0.0037124
10 0 526 45 0.531645 0.495999 0.0408951 0.0269354 0.0037124
10 0 526 46 0.539494 0.500531 0.049131 0.0302553 0.0037124
10 0 526 47 0.537837 0.494203 0.0443559 0.0193327 0.0037124
10 0 526 48 0.531235 0.50467 0.0389267 0.020876 0.0037124
10 0 526 49 0.553681 0.489754 0.0430157 0.0137134 0.0037124
10 0 526 50 0.523075 0.511414 0.0491115 0.02771 0.0037124
10 0 526 51 0.530631 0.507944 0.050569 0.0213545 0.0037124
10 0 526 52 0.517206 0.492927 0.0523728 0.0148693 0.0037124
10 0 526 53 0.505879 0.501017 0.0486914 0.0111948 0.0037124
10 0 526 54 0.519041 0.498164 0.0389125 0.0152377 0.0037124
10 0 526 55 0.539197 0.5006 0.045113 0.0182848 0.0037124
10 0 526 56 0.527155 0.502081 0.0409222 0.0134045 0.0037124
10 0 526 57 0.520817 0.498024 0.0382933 0.0183292 0.0037124
10 0 526 58 0.538303 0.496984 0.0425826 0.016405 0.0037124
10 0 526 59 0.533504 0.509087 0.0402007 0.0307608 0.0037124
10 0 526 60 0.531513 0.49367 0.0607395 0.0135699 0.0037124
10 0 526 61 0.528425 0.51066 0.0476521 0.0354321 0.0037124
10 0 526 62 0.533144 0.494698 0.0636175 0.0252091 0.0037124
10 0 526 63 0.53613 0.496346 0.0444254 0.0157624 0.0037124
10 0 526 64 0.531259 0.497303 0.039178 0.0157439 0.0037124
10 0 526 65 0.543085 0.501168 0.0411491 0.0271765 0.0037124
10 0 526 66 0.541188 0.508313 0.0396329 0.0291018 0.0037124
10 0 526 67 0.520469 0.503433 0.0534795 0.025163 0.0037124
10 0 526 68 0.534006 0.503779 0.0431496 0.0143501 0.0037124
10 0 526 69 0.524164 0.516439 0.03692 0.029123 0.0037124
10 0 526 70 0.533653 0.501608 0.0515584 0.018289 0.0037124
10 0 526 71 0.542883 0.507898 0.0486594 0.0230929 0.0037124
10 0 526 72 0.536618 0.513642 0.0417011 0.0275594 0.0037124
10 0 526 73 0.54238 0.510479 0.0383068 0.0214216 0.0037124
10 0 526 74 0.535902 0.489638 0.0411066 0.0188043 0.0037124
10 0 526 75 0.531797 0.498168 0.0413081 0.0150582 0.0037124
10 0 526 76 0.535002 0.503129 0.0347085 0.0271079 0.0037124
10 0 526 77 0.527167 0.511433 0.0397175 0.0323435 0.0037124
10 0 526 78 0.536731 0.501913 0.0420055 0.0189485 0.0037124
10 0 526 79 0.535018 0.505889 0.0428114 0.0185182 0.0037124
10 0 526 80 0.526033 0.507716 0.0333345 0.0234996 0.0037124
10 0 526 81 0.52835 0.507761 0.045526 0.0277951 0.0037124
10 0 526 82 0.531111 0.510265 0.0566887 0.0309863 0.0037124
10 0 526 83 0.528822 0.507555 0.0444701 0.0233813 0.0037124
10 0 526 84 0.518017 0.501625 0.0452837 0.0215315 0.0037124
10 0 526 85 0.528999 0.507939 0.0381745 0.0233263 0.0037124
10 0 526 86 0.527468 0.51224 0.0474959 0.0227545 0.0037124
10 0 526 87 0.532965 0.498855 0.0399748 0.0162299 0.0037124
10 0 526 88 0.528305 0.494782 0.0380341 0.0159972 0.0037124
10 0 526 89 0.5389 0.506847 0.0537895 0.0297919 0.0037124
10 0 526 90 0.54192 0.501872 0.042953 0.0289061 0.0037124
10 0 526 91 0.535105 0.505794 0.051552 0.0234506 0.0037124
10 0 526 92 0.529917 0.503723 0.0474367 0.017575 0.0037124
10 0 526 93 0.52868 0.502152 0.0417748 0.0198144 0.0037124
10 0 526 94 0.53466 0.500996 0.0531754 0.0196257 0.0037124
10 0 526 95 0.532945 0.514 0.0510043 0.0210905 0.0037124
10 0 526 96 0.520284 0.508963 0.0343752 0.0230677 0.0037124
10 0 526 97 0.529145 0.491247 0.0442997 0.0141355 0.0037124
10 0 526 98 0.527204 0.497076 0.0432865 0.0107088 0.0037124
10 0 526 99 0.52597 0.506798 0.0508021 0.0185219 0.0037124
10 0 526 100 0.529451 0.506905 0.0484203 0.0285045 0.0037124
10 0 526 101 0.540325 0.514262 0.0387317 0.0282023 0.0037124
10 0 526 102 0.53418 0.492985 0.0370142 0.0257708 0.0037124
10 0 526 103 0.538557 0.502934 0.0427066 0.0194841 0.0037124
10 0 526 104 0.527744 0.507984 0.0486151 0.0222915 0.0037124
10 0 526 105 0.526967 0.506809 0.0382401 0.0215813 0.0037124
10 0 526 106 0.532302 0.500776 0.033914 0.0219453 0.0037124
10 0 526 107 0.534432 0.500935 0.0421834 0.0225736 0.0037124
10 0 526 108 0.546875 0.510985 0.0405811 0.0251701 0.0037124
10 0 526 109 0.534974 0.49811 0.0401402 0.0143426 0.0037124
10 0 526 110 0.524646 0.499363 0.046854 0.0186262 0.0037124
10 0 526 111 0.523168 0.500218 0.0598104 0.0290766 0.0037124
10 0 526 112 0.536149 0.509557 0.0572469 0.0317472 0.0037124
10 0 526 113 0.531966 0.493132 0.0457729 0.0146791 0.0037124
10 0 526 114 0.525046 0.50414 0.0525066 0.0230247 0.0037124
10 0 526 115 0.52749 0.506784 0.0459772 0.0228588 0.0037124
10 0 526 116 0.529436 0.508357 0.0450026 0.0298748 0.0037124
10 0 526 117 0.528077 0.500836 0.0459287 0.0143297 0.0037124
10 0 526 118 0.535225 0.504675 0.0455496 0.0167065 0.0037124
10 0 526 119 0.540338 0.504409 0.0505209 0.0177522 0.0037124
10 0 526 120 0.525814 0.505389 0.0496048 0.0234051 0.0037124
10 0 526 121 0.531723 0.50358 0.0459981 0.0244253 0.0037124
10 0 526 122 0.542021 0.503419 0.042801 0.0179991 0.0037124
10 0 526 123 0.537661 0.497689 0.038127 0.0207332 0.0037124
10 0 526 124 0.542085 0.502588 0.0509695 0.0250556 0.0037124
10 0 526 125 0.530576 0.493007 0.0423179 0.0178223 0.0037124
10 0 526 126 0.535096 0.500273 0.0394836 0.0173205 0.0037124
10 0 526 127 0.54097 0.506351 0.0472206 0.0163895 0.0037124
10 0 526 128 0.535872 0.503637 0.0581756 0.0234233 0.0037124
10 0 526 129 0.5326 0.506407 0.0465271 0.0163948 0.0037124
10 0 526 130 0.520994 0.514629 0.0382406 0.0308119 0.0037124
10 0 526 131 0.540754 0.504298 0.0459699 0.0212933 0.0037124
10 0 526 132 0.530531 0.505963 0.04532 0.0218845 0.0037124
10 0 526 133 0.5232 0.500977 0.0467477 0.0181911 0.0037124
10 0 526 134 0.530353 0.511628 0.0455077 0.0232775 0.0037124
10 0 526 135 0.531564 0.5024 0.0519013 0.0230071 0.0037124
10 0 526 136 0.533669 0.505801 0.0406213 0.0178418 0.0037124
10 0 526 137 0.523788 0.511721 0.0417889 0.0196592 0.0037124
10 0 526 138 0.529767 0.503306 0.0435065 0.0254949 0.0037124
10 0 526 139 0.528289 0.504168 0.0469374 0.0192019 0.0037124
10 0 526 140 0.526414 0.508174 0.0467549 0.0267906 0.0037124
10 0 526 141 0.530222 0.498234 0.0431428 0.015261 0.0037124
10 0 526 142 0.536114 0.502351 0.0486763 0.0200879 0.0037124
10 0 526 143 0.531648 0.50759 0.0488572 0.0258555 0.0037124
10 0 526 144 0.53442 0.501706 0.0479582 0.0204113 0.0037124
10 0 526 145 0.532869 0.50238 0.0534682 0.0174314 0.0037124
10 0 526 146 0.532311 0.499374 0.0480632 0.0175423 0.0037124
10 0 526 147 0.5243 0.504341 0.0420357 0.0201419 0.0037124
10 0 526 148 0.530148 0.505679 0.0445169 0.02604 0.0037124
10 0 526 149 0.532465 0.504688 0.0471887 0.023925 0.0037124
10 0 526 150 0.542033 0.501804 0.0539613 0.0201077 0.0037124
10 0 526 151 0.526743 0.512607 0.0450843 0.0350404 0.0037124
10 0 526 152 0.53281 0.514498 0.0513545 0.029319 0.0037124
10 0 526 153 0.528786 0.502354 0.0459781 0.020765 0.0037124
10 0 526 154 0.52664 0.503148 0.0528735 0.025368 0.0037124
10 0 526 155 0.538163 0.498529 0.043794 0.021278 0.0037124
10 0 526 156 0.532114 0.505114 0.0474903 0.0185936 0.0037124
10 0 526 157 0.52099 0.507681 0.0425576 0.0226217 0.0037124
10 0 526 158 0.53489 0.50561 0.0418662 0.0201171 0.0037124
10 0 526 159 0.527345 0.498872 0.0442749 0.0247788 0.0037124
10 0 526 160 0.534466 0.501051 0.0455568 0.0152207 0.0037124
10 0 526 161 0.533335 0.514055 0.0455264 0.0258737 0.0037124
10 0 526 162 0.533726 0.504125 0.0378358 0.0205573 0.0037124
10 0 526 163 0.526491 0.505136 0.0406742 0.0192316 0.0037124
10 0 526 164 0.536259 0.498707 0.0559419 0.0172082 0.0037124
10 0 526 165 0.539049 0.507664 0.0460565 0.0211961 0.0037124
10 0 526 166 0.537098 0.511201 0.0457406 0.022976 0.0037124
10 0 526 167 0.528732 0.507405 0.0505659 0.0237651 0.0037124
10 0 526 168 0.536068 0.505326 0.0421011 0.0278883 0.0037124
10 0 526 169 0.529865 0.503566 0.0384566 0.0179579 0.0037124
10 0 526 170 0.527004 0.51001 0.0392983 0.0188346 0.0037124
10 0 526 171 0.528056 0.504862 0.0449845 0.0238476 0.0037124
10 0 526 172 0.526212 0.499831 0.0489727 0.0240094 0.0037124
10 0 526 173 0.525359 0.497711 0.042886 0.0186729 0.0037124
10 0 526 174 0.530549 0.503084 0.0479586 0.020705 0.0037124
10 0 526 175 0.52835 0.50571 0.0464128 0.0232014 0.0037124
10 0 526 176 0.522307 0.510122 0.042363 0.0220431 0.0037124
10 0 526 177 0.531339 0.498209 0.0410682 0.0179831 0.0037124
10 0 526 178 0.530431 0.506356 0.0456077 0.0231942 0.0037124
10 0 526 179 0.531985 0.504981 0.0523491 0.0199087 0.0037124
10 0 526 180 0.538913 0.501081 0.0487349 0.0306481 0.0037124
10 0 526 181 0.539912 0.49816 0.0466939 0.0188486 0.0037124
10 0 526 182 0.533977 0.502515 0.0489803 0.0227385 0.0037124
10 0 526 183 0.525886 0.504387 0.0461412 0.0228876 0.0037124
10 0 526 184 0.536855 0.502603 0.0476116 0.0286431 0.0037124
10 0 526 185 0.538765 0.496165 0.0501129 0.0205136 0.0037124
10 0 526 186 0.529539 0.506024 0.0476161 0.0265817 0.0037124
10 0 526 187 0.52824 0.50558 0.0405876 0.022751 0.0037124
10 0 526 188 0.53402 0.506363 0.0489033 0.0205471 0.0037124
10 0 526 189 0.536336 0.501403 0.0435152 0.0179136 0.0037124
10 0 526 190 0.529706 0.506286 0.0483045 0.0222715 0.0037124
10 0 526 191 0.540453 0.503849 0.0496624 0.0216128 0.0037124
10 0 526 192 0.532059 0.506562 0.0454961 0.0226112 0.0037124
10 0 526 193 0.52166 0.508413 0.0420571 0.0184494 0.0037124
10 0 526 194 0.530107 0.500831 0.0451589 0.0268686 0.0037124
10 0 526 195 0.540291 0.504534 0.0468992 0.0221298 0.0037124
10 0 526 196 0.537911 0.499992 0.0424826 0.0252613 0.0037124
10 0 526 197 0.534664 0.505627 0.0473549 0.0185076 0.0037124
10 0 526 198 0.542171 0.503752 0.0368199 0.0187632 0.0037124
10 0 526 199 0.535467 0.499401 0.042655 0.0183754 0.0037124
10 0 526 200 0.537037 0.508437 0.0444299 0.0248834 0.0037124
10 0 526 201 0.536681 0.505873 0.0427945 0.0178091 0.0037124
10 0 526 202 0.535839 0.50099 0.0432002 0.0219927 0.0037124
10 0 526 203 0.529882 0.504114 0.0427451 0.0236902 0.0037124
10 0 526 204 0.53179 0.506099 0.0413202 0.0258402 0.0037124
10 0 526 205 0.526857 0.508275 0.0437436 0.0267725 0.0037124
10 0 526 206 0.526485 0.507985 0.0459517 0.0300516 0.0037124
10 0 526 207 0.529425 0.49917 0.0523988 0.0170029 0.0037124
10 0 526 208 0.534073 0.506852 0.0497029 0.0250647 0.0037124
10 0 526 209 0.531817 0.510234 0.0441791 0.0241279 0.0037124
10 0 526 210 0.533796 0.509651 0.0412567 0.0246245 0.0037124
10 0 526 211 0.533327 0.504768 0.0408915 0.0198297 0.0037124
10 0 526 212 0.533511 0.504886 0.0475901 0.0210096 0.0037124
10 0 526 213 0.528124 0.505203 0.0549491 0.0247056 0.0037124
10 0 526 214 0.526018 0.504609 0.0471399 0.0225351 0.0037124
10 0 526 215 0.534528 0.499514 0.045186 0.0188066 0.0037124
10 0 526 216 0.532363 0.506869 0.0513926 0.0237493 0.0037124
10 0 526 217 0.533212 0.501397 0.050323 0.0219163 0.0037124
10 0 526 218 0.540857 0.504567 0.0426449 0.0216513 0.0037124
10 0 526 219 0.529059 0.49945 0.0487577 0.0204098 0.0037124
10 0 526 220 0.540463 0.499822 0.0480701 0.0185741 0.0037124
10 0 526 221 0.544448 0.505859 0.0456757 0.0228574 0.0037124
10 0 526 222 0.53208 0.506172 0.0432177 0.0219777 0.0037124
10 0 526 223 0.529882 0.506673 0.0465664 0.0187499 0.0037124
10 0 526 224 0.526245 0.508435 0.049794 0.0229404 0.0037124
10 0 526 225 0.521215 0.500775 0.0412998 0.0190637 0.0037124
10 0 526 226 0.545026 0.498482 0.0447107 0.0236671 0.0037124
10 0 526 227 0.533543 0.504785 0.042794 0.0200342 0.0037124
10 0 526 228 0.536836 0.507062 0.0476236 0.0182739 0.0037124
10 0 526 229 0.529098 0.511075 0.0422742 0.0245834 0.0037124
10 0 526 230 0.537633 0.502817 0.0434573 0.0214417 0.0037124
10 0 526 231 0.529681 0.505653 0.0488615 0.0226687 0.0037124
10 0 526 232 0.53401 0.505836 0.0484988 0.0268561 0.0037124
10 0 526 233 0.534609 0.501437 0.0434333 0.020321 0.0037124
10 0 526 234 0.531157 0.503249 0.0447687 0.0158304 0.0037124
10 0 526 235 0.527903 0.500696 0.0450121 0.0167824 0.0037124
10 0 526 236 0.529575 0.501014 0.0478214 0.0180406 0.0037124
10 0 526 237 0.528266 0.505684 0.0468097 0.0220477 0.0037124
10 0 526 238 0.537306 0.504712 0.042358 0.0245093 0.0037124
10 0 526 239 0.533539 0.501819 0.0444341 0.0181532 0.0037124
10 0 526 240 0.536342 0.499261 0.0491249 0.0201094 0.0037124
10 0 526 241 0.54001 0.503536 0.0365875 0.0202295 0.0037124
10 0 526 242 0.528939 0.50689 0.045856 0.0253876 0.0037124
10 0 526 243 0.534359 0.50823 0.0379348 0.0245625 0.0037124
10 0 526 244 0.533144 0.501338 0.0500306 0.0232231 0.0037124
10 0 526 245 0.538405 0.508476 0.0522441 0.0257885 0.0037124
10 0 526 246 0.540826 0.50854 0.0467456 0.0284614 0.0037124
10 0 526 247 0.533183 0.501745 0.0461038 0.0173105 0.0037124
10 0 526 248 0.531586 0.501805 0.0462046 0.0195658 0.0037124
10 0 526 249 0.535133 0.505612 0.0431954 0.0183293 0.0037124
10 0 526 250 0.530303 0.50444 0.0492749 0.0212591 0.0037124
10 0 526 251 0.528556 0.505697 0.0419892 0.0210435 0.0037124
10 0 526 252 0.532359 0.499685 0.0465541 0.0233302 0.0037124
10 0 526 253 0.538158 0.50274 0.04609 0.0219906 0.0037124
10 0 526 254 0.534497 0.503264 0.050033 0.0226979 0.0037124
10 0 526 255 0.526767 0.503998 0.0481226 0.0254361 0.0037124
10 0 526 256 0.531011 0.502487 0.0466686 0.0246732 0.0037124
10 0 526 257 0.53074 0.501174 0.0402173 0.0205187 0.0037124
10 0 526 258 0.525124 0.503809 0.0505412 0.0209573 0.0037124
10 0 526 259 0.537318 0.506227 0.0463858 0.0200761 0.0037124
10 0 526 260 0.528176 0.503041 0.0451591 0.0220172 0.0037124
10 0 526 261 0.53436 0.502901 0.0445124 0.0203733 0.0037124
10 0 526 262 0.531244 0.505552 0.0402082 0.0302925 0.0037124
10 0 526 263 0.530201 0.503124 0.050302 0.0176058 0.0037124
10 0 526 264 0.542373 0.503673 0.0492425 0.0187282 0.0037124
10 0 526 265 0.539991 0.504759 0.0458794 0.0194029 0.0037124
10 0 526 266 0.538165 0.504043 0.0478816 0.0183512 0.0037124
10 0 526 267 0.530581 0.500245 0.0455297 0.0176023 0.0037124
10 0 526 268 0.538077 0.499502 0.0477972 0.0178988 0.0037124
10 0 526 269 0.527354 0.506896 0.0416006 0.0243669 0.0037124
10 0 526 270 0.537137 0.506374 0.0439605 0.0228337 0.0037124
10 0 526 271 0.536811 0.506877 0.0522303 0.0228544 0.0037124
10 0 526 272 0.53289 0.500159 0.046804 0.0190335 0.0037124
10 0 526 273 0.536202 0.505435 0.0465803 0.0268244 0.0037124
10 0 526 274 0.526375 0.504679 0.0440735 0.0252905 0.0037124
10 0 526 275 0.533929 0.504686 0.0511788 0.0212091 0.0037124
10 0 526 276 0.533405 0.50227 0.0490046 0.0217525 0.0037124
10 0 526 277 0.539725 0.500757 0.0486452 0.0221132 0.0037124
10 0 526 278 0.542618 0.502586 0.0449285 0.0234792 0.0037124
10 0 526 279 0.532892 0.502234 0.0388568 0.0206965 0.0037124
10 0 526 280 0.532468 0.503601 0.041413 0.0190907 0.0037124
10 0 526 281 0.527928 0.504891 0.0440059 0.0200712 0.0037124
10 0 526 282 0.531004 0.504661 0.0442022 0.0243892 0.0037124
10 0 526 283 0.533879 0.503151 0.041962 0.0216877 0.0037124
10 0 526 284 0.53442 0.503267 0.0449174 0.0217147 0.0037124
10 0 526 285 0.527829 0.505419 0.0479542 0.0241721 0.0037124
10 0 526 286 0.533456 0.502523 0.0453082 0.0241702 0.0037124
10 0 526 287 0.53813 0.505198 0.0436475 0.0187086 0.0037124
10 0 526 288 0.530587 0.502067 0.0524593 0.018507 0.0037124
10 0 526 289 0.534212 0.498527 0.0466078 0.0184211 0.0037124
10 0 526 290 0.532453 0.499298 0.043857 0.0165382 0.0037124
10 0 526 291 0.532031 0.508814 0.0449621 0.0236541 0.0037124
10 0 526 292 0.530967 0.509174 0.0424606 0.0194795 0.0037124
10 0 526 293 0.535069 0.513364 0.044427 0.0264989 0.0037124
10 0 526 294 0.527741 0.502718 0.0479337 0.0208861 0.0037124
10 0 526 295 0.527667 0.503036 0.0480344 0.0209259 0.0037124
10 0 526 296 0.539136 0.505472 0.0486787 0.0226603 0.0037124
10 0 526 297 0.539872 0.507276 0.0485231 0.0200991 0.0037124
10 0 526 298 0.529175 0.511231 0.0450327 0.0254715 0.0037124
10 0 526 299 0.526195 0.5042 0.0428491 0.0290939 0.0037124
10 0 526 300 0.527065 0.507832 0.0486115 0.0228057 0.0037124
10 0 526 301 0.535626 0.508063 0.0445393 0.0239511 0.0037124
10 0 526 302 0.53266 0.505903 0.0485956 0.0225846 0.0037124
10 0 526 303 0.529332 0.50625 0.0466438 0.0227189 0.0037124
10 0 526 304 0.537485 0.505428 0.0442503 0.0223887 0.0037124
10 0 526 305 0.530751 0.505718 0.045712 0.0252017 0.0037124
10 0 526 306 0.531657 0.505487 0.0459643 0.0238627 0.0037124
10 0 526 307 0.535783 0.507626 0.0415929 0.0229874 0.0037124
10 0 526 308 0.530248 0.502737 0.044348 0.023335 0.0037124
10 0 526 309 0.534983 0.506262 0.0461008 0.0239862 0.0037124
10 0 526 310 0.535267 0.504043 0.0440611 0.0241065 0.0037124
10 0 526 311 0.529728 0.502772 0.0443252 0.0202222 0.0037124
10 0 526 312 0.528531 0.504508 0.0404191 0.0237787 0.0037124
10 0 526 313 0.530609 0.504399 0.0452116 0.0224703 0.0037124
10 0 526 314 0.5306 0.500622 0.0467778 0.0207364 0.0037124
10 0 526 315 0.539992 0.502431 0.0491152 0.0234466 0.0037124
10 0 526 316 0.532923 0.503781 0.0485113 0.0225232 0.0037124
10 0 526 317 0.527333 0.505934 0.0442506 0.0239077 0.0037124
10 0 526 318 0.535142 0.504792 0.0462175 0.0203346 0.0037124
10 0 526 319 0.53862 0.50083 0.0471125 0.0178484 0.0037124
10 0 526 320 0.532972 0.502344 0.0553963 0.0180576 0.0037124
10 0 526 321 0.530291 0.508076 0.0450304 0.0226516 0.0037124
10 0 526 322 0.528331 0.503758 0.045001 0.0187976 0.0037124
10 0 526 323 0.535347 0.505802 0.0497244 0.022135 0.0037124
10 0 526 324 0.535338 0.509287 0.0415372 0.0215655 0.0037124
10 0 526 325 0.537854 0.502216 0.0460445 0.0232013 0.0037124
10 0 526 326 0.530483 0.506899 0.0461706 0.0216981 0.0037124
10 0 526 327 0.536063 0.505055 0.0427954 0.0205563 0.0037124
10 0 526 328 0.535843 0.504497 0.039684 0.021291 0.0037124
10 0 526 329 0.535826 0.506029 0.0453431 0.0212819 0.0037124
10 0 526 330 0.530838 0.50726 0.0426921 0.0302692 0.0037124
10 0 526 331 0.532871 0.500194 0.041347 0.023171 0.0037124
10 0 526 332 0.528916 0.504397 0.0445209 0.0209349 0.0037124
10 0 526 333 0.529513 0.506567 0.0454265 0.0219886 0.0037124
10 0 526 334 0.534515 0.507299 0.046627 0.0241912 0.0037124
10 0 526 335 0.534366 0.504664 0.0478484 0.0268744 0.0037124
10 0 526 336 0.532982 0.504658 0.0472795 0.0251245 0.0037124
10 0 526 337 0.531773 0.504425 0.0434391 0.0237967 0.0037124
10 0 526 338 0.52415 0.505168 0.0439903 0.0227809 0.0037124
10 0 526 339 0.529946 0.508796 0.047003 0.0242026 0.0037124
10 0 526 340 0.536615 0.500618 0.0488609 0.0210909 0.0037124
10 0 526 341 0.531068 0.50237 0.0462116 0.0225979 0.0037124
10 0 526 342 0.534509 0.502781 0.042843 0.0200143 0.0037124
10 0 526 343 0.530496 0.500364 0.0453408 0.0228512 0.0037124
10 0 526 344 0.528769 0.507572 0.0442055 0.0214198 0.0037124
10 0 526 345 0.534924 0.502769 0.0416878 0.0211472 0.0037124
10 0 526 346 0.533086 0.507472 0.038866 0.0215833 0.0037124
10 0 526 347 0.527524 0.504431 0.0428366 0.0279912 0.0037124
10 0 526 348 0.535099 0.500286 0.045525 0.0216955 0.0037124
10 0 526 349 0.529514 0.500499 0.0495708 0.0226686 0.0037124
10 0 526 350 0.532368 0.504516 0.0430307 0.0231375 0.0037124
10 0 526 351 0.532559 0.507503 0.050376 0.0238456 0.0037124
10 0 526 352 0.528494 0.499869 0.045448 0.0190707 0.0037124
10 0 526 353 0.542526 0.50534 0.041546 0.0210568 0.0037124
10 0 526 354 0.529745 0.507629 0.0432274 0.0219258 0.0037124
10 0 526 355 0.53626 0.505234 0.0443523 0.0217654 0.0037124
10 0 526 356 0.528517 0.50616 0.0443828 0.0213357 0.0037124
10 0 526 357 0.529839 0.502881 0.0421429 0.0186509 0.0037124
10 0 526 358 0.532101 0.504737 0.0427818 0.0225147 0.0037124
10 0 526 359 0.534074 0.506281 0.0461607 0.0259429 0.0037124
10 0 526 360 0.531477 0.504164 0.0383453 0.0244463 0.0037124
10 0 526 361 0.531673 0.507123 0.0447299 0.0208956 0.0037124
10 0 526 362 0.528856 0.503938 0.0464825 0.0199095 0.0037124
10 0 526 363 0.52781 0.499114 0.0476685 0.0174138 0.0037124
10 0 526 364 0.531935 0.505672 0.0413156 0.0197095 0.0037124
10 0 526 365 0.534715 0.511484 0.0442434 0.0236379 0.0037124
10 0 526 366 0.537984 0.507457 0.0436584 0.0213191 0.0037124
10 0 526 367 0.536084 0.502303 0.0428972 0.0184876 0.0037124
10 0 526 368 0.53221 0.507126 0.0449676 0.025267 0.0037124
10 0 526 369 0.534855 0.502421 0.0484696 0.0221184 0.0037124
10 0 526 370 0.532259 0.499222 0.043945 0.0186899 0.0037124
10 0 526 371 0.535225 0.506604 0.0442873 0.0225799 0.0037124
10 0 526 372 0.532438 0.502089 0.0509801 0.0240159 0.0037124
10 0 526 373 0.530644 0.502983 0.0508001 0.0203781 0.0037124
10 0 526 374 0.52882 0.507112 0.0426105 0.0231847 0.0037124
10 0 526 375 0.528601 0.502121 0.0545769 0.0196198 0.0037124
10 0 526 376 0.531563 0.504389 0.0441503 0.0209178 0.0037124
10 0 526 377 0.532439 0.504141 0.0456829 0.0244655 0.0037124
10 0 526 378 0.529067 0.509046 0.0438462 0.0244932 0.0037124
10 0 526 379 0.536873 0.499624 0.049978 0.0173198 0.0037124
10 0 526 380 0.52808 0.507846 0.0436327 0.024657 0.0037124
10 0 526 381 0.527871 0.506313 0.044692 0.0238694 0.0037124
10 0 526 382 0.531741 0.506091 0.0431248 0.0224855 0.0037124
10 0 526 383 0.537712 0.504876 0.0494001 0.0220155 0.0037124
10 0 526 384 0.531423 0.504407 0.0457883 0.0254676 0.0037124
10 0 526 385 0.52966 0.50803 0.047143 0.0247492 0.0037124
10 0 526 386 0.531755 0.503947 0.0419612 0.0216604 0.0037124
10 0 526 387 0.538387 0.50512 0.0459178 0.0211721 0.0037124
10 0 526 388 0.535174 0.496383 0.0420318 0.020141 0.0037124
10 0 526 389 0.532139 0.503648 0.0400924 0.0211163 0.0037124
10 0 526 390 0.532847 0.506665 0.0427209 0.0235673 0.0037124
10 0 526 391 0.531044 0.503368 0.0494629 0.0201795 0.0037124
10 0 526 392 0.531638 0.50505 0.041288 0.0251829 0.0037124
10 0 526 393 0.528746 0.504789 0.045696 0.0218961 0.0037124
10 0 526 394 0.531197 0.503763 0.0423712 0.0247565 0.0037124
10 0 526 395 0.531217 0.505295 0.0428021 0.0264269 0.0037124
10 0 526 396 0.532703 0.504603 0.0445643 0.0209809 0.0037124
10 0 526 397 0.530633 0.501232 0.0456007 0.0205083 0.0037124
10 0 526 398 0.535838 0.505144 0.046878 0.0262522 0.0037124
10 0 526 399 0.527573 0.500053 0.0462729 0.0178771 0.0037124
10 0 526 400 0.533081 0.508775 0.0376216 0.0199842 0.0037124
10 0 526 401 0.538379 0.503697 0.0490579 0.0225392 0.0037124
10 0 526 402 0.531735 0.502528 0.0457784 0.0202351 0.0037124
10 0 526 403 0.531749 0.512374 0.047625 0.0280702 0.0037124
10 0 526 404 0.535581 0.51157 0.0471291 0.0221104 0.0037124
10 0 526 405 0.535038 0.501693 0.0444322 0.0192632 0.0037124
10 0 526 406 0.531512 0.495363 0.0467393 0.0199027 0.0037124
10 0 526 407 0.537279 0.501663 0.0435503 0.0231974 0.0037124
10 0 526 408 0.526636 0.505051 0.0431408 0.0191515 0.0037124
10 0 526 409 0.543412 0.50994 0.0423258 0.0243536 0.0037124
10 0 526 410 0.527801 0.503929 0.0497943 0.0220228 0.0037124
10 0 526 411 0.529079 0.506459 0.0461627 0.0232966 0.0037124
10 0 526 412 0.529376 0.505808 0.046559 0.0209385 0.0037124
10 0 526 413 0.52984 0.503233 0.0461576 0.0234715 0.0037124
10 0 526 414 0.533608 0.507581 0.043952 0.0214066 0.0037124
10 0 526 415 0.533407 0.504161 0.0451355 0.0210619 0.0037124
10 0 526 416 0.539913 0.504035 0.0458004 0.020222 0.0037124
10 0 526 417 0.533759 0.501762 0.0495908 0.0179046 0.0037124
10 0 526 418 0.530166 0.504715 0.0435392 0.0194054 0.0037124
10 0 526 419 0.53646 0.503645 0.0444887 0.0222661 0.0037124
10 0 526 420 0.528372 0.501583 0.0473606 0.0225614 0.0037124
10 0 526 421 0.531955 0.507541 0.0494653 0.0225715 0.0037124
10 0 526 422 0.533347 0.507216 0.0462662 0.023105 0.0037124
10 0 526 423 0.52845 0.504688 0.0411239 0.0183173 0.0037124
10 0 526 424 0.533645 0.507808 0.0449919 0.0260046 0.0037124
10 0 526 425 0.536188 0.505448 0.0446689 0.0229044 0.0037124
10 0 526 426 0.535905 0.503103 0.0468981 0.0198233 0.0037124
10 0 526 427 0.539253 0.501189 0.0478539 0.0198538 0.0037124
10 0 526 428 0.528654 0.503319 0.0421901 0.0213741 0.0037124
10 0 526 429 0.531453 0.505919 0.0476175 0.0212199 0.0037124
10 0 526 430 0.536029 0.505088 0.0456385 0.0262953 0.0037124
10 0 526 431 0.534751 0.505692 0.0420841 0.0231335 0.0037124
10 0 526 432 0.536056 0.5023 0.0486048 0.0200014 0.0037124
10 0 526 433 0.532661 0.510772 0.0484053 0.0239175 0.0037124
10 0 526 434 0.534601 0.50452 0.0451116 0.022827 0.0037124
10 0 526 435 0.536163 0.503324 0.0474865 0.0261308 0.0037124
10 0 526 436 0.538165 0.503473 0.0453495 0.0247253 0.0037124
10 0 526 437 0.533557 0.508127 0.0459166 0.0219285 0.0037124
10 0 526 438 0.527539 0.505696 0.0468548 0.0219243 0.0037124
10 0 526 439 0.532857 0.501149 0.0494491 0.0193806 0.0037124
10 0 526 440 0.53368 0.50548 0.046766 0.0197376 0.0037124
10 0 526 441 0.530296 0.504636 0.0452126 0.0220455 0.0037124
10 0 526 442 0.53491 0.506795 0.0445527 0.0241837 0.0037124
10 0 526 443 0.53093 0.504633 0.0437626 0.0218389 0.0037124
10 0 526 444 0.533126 0.505482 0.0413415 0.026046 0.0037124
10 0 526 445 0.531383 0.504239 0.0463702 0.0229943 0.0037124
10 0 526 446 0.529366 0.502908 0.0444539 0.0205051 0.0037124
10 0 526 447 0.532589 0.505163 0.0457052 0.0218456 0.0037124
10 0 526 448 0.532437 0.509366 0.048891 0.022589 0.0037124
10 0 526 449 0.528817 0.503033 0.0429013 0.0201985 0.0037124
10 0 526 450 0.532382 0.504606 0.0440159 0.0246979 0.0037124
10 0 526 451 0.5296 0.501944 0.0474919 0.0213341 0.0037124
10 0 526 452 0.538658 0.500468 0.0419499 0.0188999 0.0037124
10 0 526 453 0.532005 0.507568 0.0417909 0.0211992 0.0037124
10 0 526 454 0.530921 0.502487 0.0427962 0.020325 0.0037124
10 0 526 455 0.535571 0.501249 0.0495048 0.0213355 0.0037124
10 0 526 456 0.532824 0.503062 0.0495233 0.0211591 0.0037124
10 0 526 457 0.530595 0.509031 0.0469954 0.0230504 0.0037124
10 0 526 458 0.53067 0.506665 0.0458073 0.0233483 0.0037124
10 0 526 459 0.535675 0.503417 0.0452837 0.021458 0.0037124
10 0 526 460 0.530303 0.502646 0.0475889 0.0180949 0.0037124
10 0 526 461 0.537387 0.505308 0.0463887 0.0224919 0.0037124
10 0 526 462 0.533235 0.503177 0.0449907 0.0205543 0.0037124
10 0 526 463 0.531233 0.504061 0.0481684 0.0191329 0.0037124
10 0 526 464 0.530604 0.502408 0.0458236 0.0197188 0.0037124
10 0 526 465 0.530415 0.506343 0.0458739 0.0229189 0.0037124
10 0 526 466 0.533206 0.505388 0.0464225 0.0194664 0.0037124
10 0 526 467 0.530129 0.504437 0.0471417 0.0231503 0.0037124
10 0 526 468 0.535991 0.507 0.0421388 0.0257212 0.0037124
10 0 526 469 0.53475 0.504517 0.0449835 0.0199505 0.0037124
10 0 526 470 0.534673 0.502792 0.0494218 0.0226321 0.0037124
10 0 526 471 0.528005 0.503771 0.0479455 0.0229342 0.0037124
10 0 526 472 0.533703 0.504852 0.0458441 0.0232127 0.0037124
10 0 526 473 0.533601 0.504488 0.0507163 0.0217413 0.0037124
10 0 526 474 0.536501 0.504644 0.0448563 0.0219481 0.0037124
10 0 526 475 0.527709 0.505325 0.0445881 0.0227081 0.0037124
10 0 526 476 0.527379 0.505623 0.0471397 0.0214035 0.0037124
10 0 526 477 0.530988 0.505002 0.0410875 0.0243466 0.0037124
10 0 526 478 0.532191 0.500698 0.0437771 0.0206708 0.0037124
10 0 526 479 0.529946 0.501769 0.0437035 0.0195505 0.0037124
10 0 526 480 0.534157 0.505657 0.0473809 0.0239963 0.0037124
10 0 526 481 0.533938 0.506105 0.0411633 0.0200476 0.0037124
10 0 526 482 0.531969 0.500833 0.0442068 0.020931 0.0037124
10 0 526 483 0.531469 0.50425 0.0458692 0.0208748 0.0037124
10 0 526 484 0.529833 0.504236 0.0475548 0.0217626 0.0037124
10 0 526 485 0.531565 0.50415 0.0486134 0.024101 0.0037124
10 0 526 486 0.529434 0.507706 0.0434802 0.0261046 0.0037124
10 0 526 487 0.53078 0.506954 0.0373588 0.0226566 0.0037124
10 0 526 488 0.530905 0.502563 0.0473705 0.021021 0.0037124
10 0 526 489 0.532344 0.504332 0.0429634 0.0217167 0.0037124
10 0 526 490 0.537581 0.50252 0.0429606 0.0219614 0.0037124
10 0 526 491 0.533136 0.504739 0.0479919 0.0203097 0.0037124
10 0 526 492 0.534605 0.509122 0.0463279 0.0241725 0.0037124
10 0 526 493 0.534922 0.504498 0.0517624 0.0224363 0.0037124
10 0 526 494 0.528487 0.505092 0.0398955 0.0220477 0.0037124
10 0 526 495 0.533117 0.503922 0.0442647 0.0227999 0.0037124
10 0 526 496 0.536417 0.504537 0.0462177 0.0182169 0.0037124
10 0 526 497 0.533354 0.506129 0.0466788 0.0198902 0.0037124
10 0 526 498 0.531269 0.506213 0.0422355 0.0237317 0.0037124
10 0 526 499 0.530874 0.501935 0.0457957 0.0213632 0.0037124
10 0 526 500 0.533513 0.508574 0.0411137 0.0224711 0.0037124
10 0 526 501 0.5347 0.506598 0.041473 0.022862 0.0037124
10 0 526 502 0.533361 0.508015 0.0467997 0.0247953 0.0037124
10 0 526 503 0.531968 0.500732 0.041453 0.0192317 0.0037124
10 0 526 504 0.530968 0.502244 0.0452351 0.0200677 0.0037124
10 0 526 505 0.53148 0.505905 0.0463126 0.0208926 0.0037124
10 0 526 506 0.534273 0.503854 0.0459144 0.0216508 0.0037124
10 0 526 507 0.536886 0.503328 0.0478369 0.0199009 0.0037124
10 0 526 508 0.534463 0.504817 0.0475152 0.0230269 0.0037124
10 0 526 509 0.52699 0.504159 0.0474222 0.0227289 0.0037124
10 0 526 510 0.534606 0.50701 0.044299 0.0203924 0.0037124
10 0 526 511 0.533448 0.508977 0.0420256 0.0242033 0.0037124
10 0 526 512 0.53006 0.506482 0.0445809 0.0215625 0.0037124
10 0 526 513 0.536707 0.504609 0.0508547 0.0229617 0.0037124
10 0 526 514 0.534856 0.504745 0.0481667 0.0200385 0.0037124
10 0 526 515 0.532299 0.502154 0.0429276 0.0204882 0.0037124
10 0 526 516 0.528621 0.508823 0.0477498 0.0258175 0.0037124
10 0 526 517 0.535692 0.507295 0.0445802 0.0268618 0.0037124
10 0 526 518 0.531028 0.503722 0.0442635 0.0226293 0.0037124
10 0 526 519 0.530528 0.502342 0.0440898 0.0190303 0.0037124
10 0 526 520 0.535334 0.506547 0.0451521 0.023238 0.0037124
10 0 526 521 0.532105 0.503422 0.0449456 0.0210478 0.0037124
10 0 526 522 0.531414 0.506101 0.0413955 0.0222233 0.0037124
10 0 526 523 0.532418 0.50346 0.0421788 0.0224618 0.0037124
10 0 526 524 0.528021 0.508956 0.0429815 0.0253051 0.0037124
10 0 526 525 0.532289 0.504575 0.0408005 0.0197448 0.0037124
10 0 526 526 0.532797 0.506614 0.0444928 0.0222815 0.0037124
10 0 526 527 0.528347 0.505938 0.046955 0.0248072 0.0037124
10 0 526 528 0.532594 0.508863 0.0470366 0.025178 0.0037124
10 0 526 529 0.534405 0.502515 0.0405322 0.0213325 0.0037124
10 0 526 530 0.534739 0.504512 0.0393043 0.0224156 0.0037124
10 0 526 531 0.53143 0.505738 0.0496983 0.0239372 0.0037124
10 0 526 532 0.531428 0.50673 0.0419251 0.0217192 0.0037124
10 0 526 533 0.529694 0.503967 0.0417222 0.0232978 0.0037124
10 0 526 534 0.528481 0.506138 0.0435554 0.0230409 0.0037124
10 0 526 535 0.531301 0.505414 0.0423838 0.0236018 0.0037124
10 0 526 536 0.531528 0.503496 0.0429846 0.0193461 0.0037124
10 0 526 537 0.533357 0.507266 0.0412717 0.0210254 0.0037124
10 0 526 538 0.528978 0.509588 0.0496255 0.0210477 0.0037124
10 0 526 539 0.526577 0.501351 0.0453663 0.0199987 0.0037124
10 0 526 540 0.538753 0.506676 0.0474152 0.0237104 0.0037124
10 0 526 541 0.534932 0.506772 0.0472841 0.0223074 0.0037124
10 0 526 542 0.532837 0.503974 0.0447948 0.0245971 0.0037124
10 0 526 543 0.534493 0.502234 0.0492511 0.0216086 0.0037124
10 0 526 544 0.531257 0.503642 0.0424323 0.0191703 0.0037124
10 0 526 545 0.532671 0.503845 0.0451756 0.019693 0.0037124
10 0 526 546 0.528925 0.504758 0.0429144 0.0236029 0.0037124
10 0 526 547 0.533458 0.506173 0.0460726 0.0209463 0.0037124
10 0 526 548 0.533573 0.506526 0.0433132 0.0241797 0.0037124
10 0 526 549 0.534985 0.506271 0.0441935 0.0227711 0.0037124
10 0 526 550 0.53079 0.500893 0.0452642 0.0204259 0.0037124
10 0 526 551 0.53648 0.507847 0.0462672 0.0236115 0.0037124
10 0 526 552 0.532721 0.502322 0.0432584 0.0226925 0.0037124
10 0 526 553 0.533757 0.502117 0.0465158 0.0212979 0.0037124
10 0 526 554 0.53395 0.503723 0.0489245 0.0217081 0.0037124
10 0 526 555 0.534632 0.506093 0.0520127 0.024312 0.0037124
10 0 526 556 0.532747 0.501934 0.0427489 0.0200168 0.0037124
10 0 526 557 0.531976 0.506258 0.0460205 0.0234773 0.0037124
10 0 526 558 0.532166 0.503621 0.0446698 0.0233026 0.0037124
10 0 526 559 0.532944 0.502546 0.0474074 0.0200498 0.0037124
10 0 526 560 0.529154 0.505787 0.0459423 0.021047 0.0037124
10 0 526 561 0.529661 0.504023 0.0463983 0.0196755 0.0037124
10 0 526 562 0.52576 0.507638 0.0455833 0.0247895 0.0037124
10 0 526 563 0.52843 0.50664 0.0487625 0.0214159 0.0037124
10 0 526 564 0.534462 0.502824 0.0495416 0.0219471 0.0037124
10 0 526 565 0.528691 0.50677 0.0440136 0.0213721 0.0037124
10 0 526 566 0.537027 0.504903 0.0455791 0.0197745 0.0037124
10 0 526 567 0.531793 0.502926 0.0472813 0.0209121 0.0037124
10 0 526 568 0.527482 0.504146 0.0452768 0.0231097 0.0037124
10 0 526 569 0.536596 0.506946 0.0471904 0.0234014 0.0037124
10 0 526 570 0.530952 0.505544 0.041229 0.0196597 0.0037124
10 0 526 571 0.534968 0.505839 0.048427 0.025083 0.0037124
10 0 526 572 0.528537 0.506595 0.0429697 0.0228033 0.0037124
10 0 526 573 0.525182 0.508977 0.0470077 0.0259552 0.0037124
10 0 526 574 0.530944 0.504887 0.0460548 0.023377 0.0037124
10 0 526 575 0.533508 0.506831 0.0455547 0.0217924 0.0037124
10 0 526 576 0.527243 0.508599 0.0507969 0.0255663 0.0037124
10 0 526 577 0.533372 0.507086 0.0478893 0.0213799 0.0037124
10 0 526 578 0.53152 0.505007 0.0444663 0.0247427 0.0037124
10 0 526 579 0.532541 0.507073 0.0456032 0.0214526 0.0037124
10 0 526 580 0.532368 0.505779 0.0444937 0.0223955 0.0037124
10 0 526 581 0.536469 0.50664 0.0473092 0.0252026 0.0037124
10 0 526 582 0.537528 0.505034 0.0437063 0.0213724 0.0037124
10 0 526 583 0.536494 0.504335 0.0509884 0.0245401 0.0037124
10 0 526 584 0.533693 0.507905 0.0411981 0.0255789 0.0037124
10 0 526 585 0.527978 0.507628 0.0459106 0.0249677 0.0037124
10 0 526 586 0.531126 0.504848 0.0445263 0.0200885 0.0037124
10 0 526 587 0.529474 0.506322 0.0442207 0.0219891 0.0037124
10 0 526 588 0.534567 0.504421 0.045648 0.0215452 0.0037124
10 0 526 589 0.53162 0.507569 0.0445531 0.0234621 0.0037124
10 0 526 590 0.53331 0.506376 0.0426884 0.0193831 0.0037124
10 0 526 591 0.535239 0.504767 0.0434503 0.020871 0.0037124
10 0 526 592 0.533099 0.503396 0.0476233 0.0194951 0.0037124
10 0 526 593 0.533761 0.504307 0.0502059 0.0211561 0.0037124
10 0 526 594 0.536952 0.503846 0.0479824 0.02168 0.0037124
10 0 526 595 0.529071 0.507281 0.0469424 0.0239559 0.0037124
10 0 526 596 0.530387 0.5018 0.0481604 0.0208776 0.0037124
10 0 526 597 0.527205 0.502723 0.0477035 0.0196965 0.0037124
10 0 526 598 0.528818 0.504236 0.0451493 0.0216901 0.0037124
10 0 526 599 0.526289 0.502492 0.0429371 0.0237643 0.0037124
10 0 526 600 0.534511 0.503723 0.0424588 0.0203058 0.0037124
10 0 526 601 0.532987 0.502474 0.0447984 0.0213943 0.0037124
10 0 526 602 0.534923 0.503869 0.0439545 0.0242635 0.0037124
10 0 526 603 0.531908 0.501303 0.045053 0.0190764 0.0037124
10 0 526 604 0.533143 0.503433 0.0434809 0.0209489 0.0037124
10 0 526 605 0.533422 0.502203 0.0430101 0.0194146 0.0037124
10 0 526 606 0.531545 0.506378 0.0462412 0.0245378 0.0037124
10 0 526 607 0.532075 0.506144 0.0430857 0.0215547 0.0037124
10 0 526 608 0.53253 0.500689 0.0426433 0.0205505 0.0037124
10 0 526 609 0.532067 0.508031 0.0440653 0.0254886 0.0037124
10 0 526 610 0.530638 0.508477 0.0486655 0.0248711 0.0037124
10 0 526 611 0.53262 0.506311 0.047326 0.0218396 0.0037124
10 0 526 612 0.531902 0.501416 0.0479573 0.0203949 0.0037124
10 0 526 613 0.53389 0.501628 0.0459925 0.0208086 0.0037124
10 0 526 614 0.530278 0.504032 0.0464182 0.0198602 0.0037124
10 0 526 615 0.537015 0.506413 0.0477685 0.0215061 0.0037124
10 0 526 616 0.530648 0.502946 0.0491664 0.0212552 0.0037124
10 0 526 617 0.530951 0.506825 0.0432226 0.0203653 0.0037124
10 0 526 618 0.534941 0.502771 0.0434943 0.0195766 0.0037124
10 0 526 619 0.533359 0.505819 0.0429655 0.0254219 0.0037124
10 0 526 620 0.534933 0.505407 0.0488782 0.0243878 0.0037124
10 0 526 621 0.531478 0.502807 0.0474386 0.0208645 0.0037124
10 0 526 622 0.533175 0.503004 0.0472856 0.020639 0.0037124
10 0 526 623 0.535766 0.50274 0.0443654 0.0191029 0.0037124
10 0 526 624 0.531439 0.503728 0.0452211 0.0215129 0.0037124
10 0 526 625 0.532546 0.506181 0.0457009 0.019794 0.0037124
10 0 526 626 0.533639 0.505542 0.0487067 0.0232571 0.0037124
10 0 526 627 0.535621 0.503485 0.0470347 0.0214586 0.0037124
10 0 526 628 0.53195 0.506399 0.0430612 0.023594 0.0037124
10 0 526 629 0.53116 0.506984 0.0435753 0.0197792 0.0037124
10 0 526 630 0.535806 0.506439 0.043549 0.0227567 0.0037124
10 0 526 631 0.534724 0.503596 0.0418315 0.0223173 0.0037124
10 0 526 632 0.528015 0.506237 0.0486838 0.0217545 0.0037124
10 0 526 633 0.530755 0.501763 0.0509843 0.0208636 0.0037124
10 0 526 634 0.534736 0.505967 0.0465533 0.0210791 0.0037124
10 0 526 635 0.5321 0.503588 0.044901 0.0202191 0.0037124
10 0 526 636 0.533514 0.505396 0.0432755 0.0243267 0.0037124
10 0 526 637 0.533858 0.50653 0.0462831 0.0207981 0.0037124
10 0 526 638 0.534178 0.505163 0.0442946 0.0228688 0.0037124
10 0 526 639 0.529359 0.508778 0.0468249 0.0229657 0.0037124
10 0 526 640 0.530063 0.500102 0.0459204 0.0200873 0.0037124
10 0 526 641 0.527938 0.502305 0.0448746 0.0201265 0.0037124
10 0 526 642 0.531591 0.50718 0.0455259 0.022033 0.0037124
10 0 526 643 0.527284 0.5045 0.0469151 0.0211938 0.0037124
10 0 526 644 0.532187 0.505482 0.0477424 0.0215798 0.0037124
10 0 526 645 0.532305 0.507355 0.0444035 0.0240071 0.0037124
10 0 526 646 0.529934 0.505653 0.0448587 0.0229347 0.0037124
10 0 526 647 0.533295 0.505362 0.0464908 0.0230805 0.0037124
10 0 526 648 0.533466 0.501638 0.0433236 0.0214663 0.0037124
10 0 526 649 0.527864 0.504806 0.0468533 0.0232996 0.0037124
10 0 526 650 0.532688 0.507629 0.0461269 0.0213845 0.0037124
10 0 526 651 0.535378 0.505758 0.0429712 0.0226198 0.0037124
10 0 526 652 0.531367 0.503053 0.0475537 0.0200715 0.0037124
10 0 526 653 0.530026 0.506464 0.0450833 0.0207927 0.0037124
10 0 526 654 0.533979 0.504072 0.0434071 0.0215711 0.0037124
10 0 526 655 0.531002 0.5034 0.0447633 0.021512 0.0037124
10 0 526 656 0.529683 0.504836 0.0473941 0.0216002 0.0037124
10 0 526 657 0.534747 0.506845 0.0449502 0.0235989 0.0037124
10 0 526 658 0.534639 0.50399 0.0442464 0.0208311 0.0037124
10 0 526 659 0.537885 0.507984 0.0452718 0.0257486 0.0037124
10 0 526 660 0.532427 0.502838 0.0447115 0.0205098 0.0037124
10 0 526 661 0.533374 0.508772 0.0419746 0.0221106 0.0037124
10 0 526 662 0.529195 0.506 0.0474511 0.0220624 0.0037124
10 0 526 663 0.533799 0.506378 0.0459285 0.0232598 0.0037124
10 0 526 664 0.529295 0.50857 0.0469123 0.0243485 0.0037124
10 0 526 665 0.530234 0.505787 0.0448562 0.0228496 0.0037124
10 0 526 666 0.534471 0.505055 0.0421232 0.0224561 0.0037124
10 0 526 667 0.530287 0.503656 0.0438017 0.0206417 0.0037124
10 0 526 668 0.532127 0.501848 0.0451173 0.0200232 0.0037124
10 0 526 669 0.529897 0.503266 0.0456925 0.0235429 0.0037124
10 0 526 670 0.535166 0.501834 0.0439255 0.0207755 0.0037124
10 0 526 671 0.535319 0.503246 0.0460043 0.0202069 0.0037124
10 0 526 672 0.533559 0.504781 0.0454343 0.0226704 0.0037124
10 0 526 673 0.529711 0.504446 0.0477424 0.0218156 0.0037124
10 0 526 674 0.535722 0.506034 0.0419503 0.0207116 0.0037124
10 0 526 675 0.534576 0.501997 0.0408962 0.0191838 0.0037124
10 0 526 676 0.533533 0.502092 0.0436559 0.0180041 0.0037124
10 0 526 677 0.529446 0.503332 0.0462254 0.0219193 0.0037124
10 0 526 678 0.535482 0.506247 0.0457284 0.0227959 0.0037124
10 0 526 679 0.534232 0.506037 0.0436501 0.022884 0.0037124
10 0 526 680 0.527245 0.503223 0.0429455 0.0222626 0.0037124
10 0 526 681 0.533139 0.50371 0.0445098 0.0271129 0.0037124
10 0 526 682 0.536414 0.503984 0.0474204 0.0203445 0.0037124
10 0 526 683 0.533747 0.503794 0.0486809 0.02041 0.0037124
10 0 526 684 0.535921 0.506843 0.0482138 0.0211703 0.0037124
10 0 526 685 0.532116 0.50436 0.0466898 0.0218995 0.0037124
10 0 526 686 0.534189 0.504576 0.0460603 0.0213019 0.0037124
10 0 526 687 0.529488 0.504703 0.0473522 0.0215192 0.0037124
10 0 526 688 0.530845 0.504354 0.0475408 0.0207871 0.0037124
10 0 526 689 0.533973 0.504123 0.045366 0.0219605 0.0037124
10 0 526 690 0.533306 0.500839 0.0475227 0.0219404 0.0037124
10 0 526 691 0.533468 0.503481 0.0429778 0.0218525 0.0037124
10 0 526 692 0.534482 0.504481 0.0466976 0.0216118 0.0037124
10 0 526 693 0.533945 0.501454 0.045355 0.018416 0.0037124
10 0 526 694 0.530848 0.506692 0.0461539 0.0219915 0.0037124
10 0 526 695 0.530695 0.50598 0.0472863 0.024103 0.0037124
10 0 526 696 0.535602 0.507073 0.0434948 0.02006 0.0037124
10 0 526 697 0.533581 0.507855 0.0406767 0.0221495 0.0037124
10 0 526 698 0.532689 0.505606 0.0488758 0.0226039 0.0037124
10 0 526 699 0.5365 0.501648 0.0453667 0.0206122 0.0037124
10 0 526 700 0.533329 0.504474 0.0433637 0.0215614 0.0037124
10 0 526 701 0.53271 0.503315 0.0439485 0.0238594 0.0037124
10 0 526 702 0.530756 0.504911 0.0456217 0.0232802 0.0037124
10 0 526 703 0.536159 0.506102 0.0414535 0.0227146 0.0037124
10 0 526 704 0.53669 0.505371 0.0465028 0.0225761 0.0037124
10 0 526 705 0.533502 0.504948 0.0455581 0.023638 0.0037124
10 0 526 706 0.535521 0.503227 0.0474058 0.0199496 0.0037124
10 0 526 707 0.532116 0.502956 0.0475867 0.0228702 0.0037124
10 0 526 708 0.532096 0.503834 0.041562 0.0213382 0.0037124
10 0 526 709 0.535307 0.501451 0.0469102 0.0192643 0.0037124
10 0 526 710 0.530881 0.503145 0.0439062 0.0226766 0.0037124
10 0 526 711 0.530937 0.505923 0.0462718 0.0225402 0.0037124
10 0 526 712 0.531495 0.50215 0.0391576 0.0197767 0.0037124
10 0 526 713 0.537041 0.508008 0.0437156 0.0232997 0.0037124
10 0 526 714 0.534335 0.500458 0.0433035 0.0195647 0.0037124
10 0 526 715 0.529807 0.506065 0.0466467 0.0237451 0.0037124
10 0 526 716 0.534273 0.504787 0.0474332 0.0202977 0.0037124
10 0 526 717 0.530492 0.505937 0.0455469 0.0234546 0.0037124
10 0 526 718 0.530386 0.504821 0.0432304 0.0215353 0.0037124
10 0 526 719 0.533939 0.504628 0.041952 0.0211972 0.0037124
10 0 526 720 0.535554 0.504718 0.044475 0.0199525 0.0037124
10 0 526 721 0.53349 0.50598 0.0452749 0.0222281 0.0037124
10 0 526 722 0.530562 0.504883 0.0460424 0.0208261 0.0037124
10 0 526 723 0.533945 0.506371 0.0433285 0.0243627 0.0037124
10 0 526 724 0.533756 0.503877 0.0461174 0.0216449 0.0037124
10 0 526 725 0.53519 0.505226 0.0490575 0.0213108 0.0037124
10 0 526 726 0.526418 0.506231 0.0413959 0.024163 0.0037124
10 0 526 727 0.533678 0.508389 0.0436889 0.0234616 0.0037124
10 0 526 728 0.528187 0.501782 0.0446884 0.0188343 0.0037124
10 0 526 729 0.536758 0.505388 0.0468874 0.023357 0.0037124
10 0 526 730 0.532561 0.501913 0.0442077 0.0179805 0.0037124
10 0 526 731 0.533927 0.5063 0.0420256 0.0218462 0.0037124
10 0 526 732 0.534858 0.502435 0.0459357 0.0220395 0.0037124
10 0 526 733 0.536494 0.502475 0.049513 0.0222944 0.0037124
10 0 526 734 0.533918 0.50736 0.0440523 0.0213467 0.0037124
10 0 526 735 0.531805 0.504242 0.0442651 0.0221865 0.0037124
10 0 526 736 0.527851 0.504829 0.0430838 0.0228672 0.0037124
10 0 526 737 0.525378 0.505848 0.0477273 0.0210667 0.0037124
10 0 526 738 0.526957 0.502116 0.0458766 0.0193384 0.0037124
10 0 526 739 0.531402 0.507074 0.0443082 0.0219823 0.0037124
10 0 526 740 0.536256 0.501076 0.0444836 0.0198605 0.0037124
10 0 526 741 0.525427 0.505024 0.0437587 0.0237813 0.0037124
10 0 526 742 0.52804 0.50475 0.0443791 0.0204103 0.0037124
10 0 526 743 0.53089 0.503896 0.045107 0.0231534 0.0037124
10 0 526 744 0.533439 0.503389 0.0460101 0.0227953 0.0037124
10 0 526 745 0.532615 0.503441 0.0430404 0.0225052 0.0037124
10 0 526 746 0.529342 0.505131 0.0472506 0.0224703 0.0037124
10 0 526 747 0.531634 0.502912 0.0446611 0.0225669 0.0037124
10 0 526 748 0.531231 0.508044 0.0452703 0.0236528 0.0037124
10 0 526 749 0.534368 0.501384 0.0467319 0.0198517 0.0037124
10 0 526 750 0.531624 0.503131 0.0502598 0.0215709 0.0037124
10 0 526 751 0.535826 0.503617 0.0453411 0.0195315 0.0037124
10 0 526 752 0.534649 0.503131 0.0454591 0.0182276 0.0037124
10 0 526 753 0.531804 0.504221 0.0463396 0.0203097 0.0037124
10 0 526 754 0.536631 0.504466 0.0481674 0.0223348 0.0037124
10 0 526 755 0.533252 0.505338 0.0463132 0.0234605 0.0037124
10 0 526 756 0.533177 0.507376 0.0488273 0.0245287 0.0037124
10 0 526 757 0.531601 0.50941 0.0467504 0.0246002 0.0037124
10 0 526 758 0.534276 0.502037 0.049747 0.0194982 0.0037124
10 0 526 759 0.533782 0.505202 0.0448318 0.0222731 0.0037124
10 0 526 760 0.532487 0.504665 0.0456195 0.0206851 0.0037124
10 0 526 761 0.531656 0.504764 0.0413854 0.0221965 0.0037124
10 0 526 762 0.532467 0.503766 0.0443645 0.0233597 0.0037124
10 0 526 763 0.530454 0.507889 0.0443671 0.0243153 0.0037124
10 0 526 764 0.532929 0.503479 0.044782 0.0189324 0.0037124
10 0 526 765 0.531794 0.503948 0.0438436 0.022006 0.0037124
10 0 526 766 0.530345 0.503954 0.0478401 0.0221667 0.0037124
10 0 526 767 0.533751 0.504811 0.040836 0.0251278 0.0037124
10 0 526 768 0.537725 0.505186 0.0442133 0.0197785 0.0037124
10 0 526 769 0.53366 0.502155 0.0471998 0.0207449 0.0037124
10 0 526 770 0.531989 0.502194 0.04774 0.0195525 0.0037124
10 0 526 771 0.533192 0.501234 0.0477605 0.0221973 0.0037124
10 0 526 772 0.534977 0.506159 0.0457748 0.0229122 0.0037124
10 0 526 773 0.530749 0.503882 0.0441802 0.0226591 0.0037124
10 0 526 774 0.53355 0.506014 0.0485066 0.0216465 0.0037124
10 0 526 775 0.52743 0.505377 0.0464224 0.0218738 0.0037124
10 0 526 776 0.527987 0.503446 0.0448134 0.0198431 0.0037124
10 0 526 777 0.529524 0.504565 0.0443362 0.0214805 0.0037124
10 0 526 778 0.532684 0.505175 0.044904 0.0197942 0.0037124
10 0 526 779 0.529996 0.504304 0.0416017 0.0210824 0.0037124
10 0 526 780 0.531915 0.50353 0.0462134 0.0221471 0.0037124
10 0 526 781 0.532415 0.502994 0.0473303 0.0212236 0.0037124
10 0 526 782 0.532952 0.503233 0.0448333 0.0213706 0.0037124
10 0 526 783 0.528211 0.505118 0.0420067 0.0227358 0.0037124
10 0 526 784 0.531753 0.507085 0.0435001 0.0213655 0.0037124
10 0 526 785 0.534854 0.50273 0.0440661 0.0227786 0.0037124
10 0 526 786 0.530426 0.502654 0.0451778 0.0204243 0.0037124
10 0 526 787 0.532767 0.505106 0.0455296 0.0227883 0.0037124
10 0 526 788 0.53093 0.503144 0.0459742 0.0209997 0.0037124
10 0 526 789 0.534165 0.503204 0.0473411 0.0218783 0.0037124
10 0 526 790 0.533331 0.506034 0.0450351 0.0214169 0.0037124
10 0 526 791 0.53212 0.502015 0.0448551 0.0229518 0.0037124
10 0 526 792 0.530963 0.503522 0.0414598 0.0224953 0.0037124
10 0 526 793 0.534309 0.505294 0.0491158 0.0211044 0.0037124
10 0 526 794 0.533681 0.504759 0.0429815 0.019687 0.0037124
10 0 526 795 0.528864 0.504058 0.046067 0.0238933 0.0037124
10 0 526 796 0.533183 0.503852 0.0462698 0.0218598 0.0037124
10 0 526 797 0.531364 0.504813 0.0437316 0.0203833 0.0037124
10 0 526 798 0.533928 0.504373 0.045703 0.0238618 0.0037124
10 0 526 799 0.529293 0.50512 0.0451722 0.0210713 0.0037124
10 0 526 800 0.534645 0.504928 0.0464951 0.0220715 0.0037124
10 0 526 801 0.531824 0.502406 0.0462428 0.0216021 0.0037124
10 0 526 802 0.534062 0.503995 0.0447851 0.0239399 0.0037124
10 0 526 803 0.531406 0.50404 0.0472573 0.0218109 0.0037124
10 0 526 804 0.534919 0.501551 0.0459459 0.0189589 0.0037124
10 0 526 805 0.530705 0.503692 0.0428718 0.0215037 0.0037124
10 0 526 806 0.530628 0.504572 0.0459662 0.0212538 0.0037124
10 0 526 807 0.531504 0.503225 0.0461204 0.0206813 0.0037124
10 0 526 808 0.535344 0.500662 0.0458963 0.0210815 0.0037124
10 0 526 809 0.535035 0.503205 0.0464954 0.0247784 0.0037124
10 0 526 810 0.533248 0.505811 0.0459437 0.0210144 0.0037124
10 0 526 811 0.529043 0.502195 0.0444807 0.0201076 0.0037124
10 0 526 812 0.533737 0.505614 0.0483676 0.021904 0.0037124
10 0 526 813 0.53221 0.503147 0.0424195 0.0232633 0.0037124
10 0 526 814 0.535554 0.509607 0.0459759 0.0252642 0.0037124
10 0 526 815 0.531294 0.506539 0.0455146 0.0222187 0.0037124
10 0 526 816 0.534466 0.504024 0.0461978 0.0237578 0.0037124
10 0 526 817 0.534152 0.502964 0.0451871 0.0221447 0.0037124
10 0 526 818 0.530673 0.507178 0.0468027 0.0228852 0.0037124
10 0 526 819 0.532463 0.503122 0.0439136 0.0206653 0.0037124
10 0 526 820 0.531764 0.505517 0.0462073 0.0230418 0.0037124
10 0 526 821 0.533596 0.504649 0.0443205 0.0210587 0.0037124
10 0 526 822 0.531003 0.5014 0.0472413 0.0219075 0.0037124
10 0 526 823 0.529103 0.504866 0.0451015 0.0200159 0.0037124
10 0 526 824 0.529113 0.501628 0.0434399 0.0202874 0.0037124
10 0 526 825 0.531472 0.503962 0.045489 0.0210811 0.0037124
10 0 526 826 0.532574 0.505875 0.0504903 0.022414 0.0037124
10 0 526 827 0.533133 0.503814 0.0459171 0.0213941 0.0037124
10 0 526 828 0.533656 0.504729 0.0475783 0.0216437 0.0037124
10 0 526 829 0.531521 0.506731 0.0457504 0.0207211 0.0037124
10 0 526 830 0.53096 0.505769 0.0456263 0.0237914 0.0037124
10 0 526 831 0.533706 0.502799 0.0449366 0.0209096 0.0037124
10 0 526 832 0.53269 0.50442 0.0448739 0.0231449 0.0037124
10 0 526 833 0.531525 0.506384 0.0442593 0.0222903 0.0037124
10 0 526 834 0.529967 0.506758 0.0464767 0.0228551 0.0037124
10 0 526 835 0.52928 0.505627 0.0440639 0.0210737 0.0037124
10 0 526 836 0.531074 0.501942 0.046693 0.0212683 0.0037124
10 0 526 837 0.533101 0.502995 0.0448473 0.0205254 0.0037124
10 0 526 838 0.530714 0.502888 0.0443736 0.0223197 0.0037124
10 0 526 839 0.533862 0.502814 0.047137 0.0208828 0.0037124
10 0 526 840 0.533508 0.501268 0.0468412 0.0213621 0.0037124
10 0 526 841 0.530975 0.502668 0.04448 0.0197496 0.0037124
10 0 526 842 0.533408 0.505777 0.0435096 0.0218162 0.0037124
10 0 526 843 0.532183 0.501639 0.0467838 0.021283 0.0037124
10 0 526 844 0.530697 0.505123 0.0441141 0.022227 0.0037124
10 0 526 845 0.532286 0.504751 0.0467946 0.0204984 0.0037124
10 0 526 846 0.528321 0.499842 0.042961 0.0192003 0.0037124
10 0 526 847 0.529848 0.504612 0.0438233 0.0206537 0.0037124
10 0 526 848 0.530624 0.504351 0.0497762 0.0219614 0.0037124
10 0 526 849 0.534515 0.506411 0.0466589 0.0212823 0.0037124
10 0 526 850 0.533115 0.505001 0.0431501 0.0228387 0.0037124
10 0 526 851 0.535233 0.500187 0.0448678 0.0213043 0.0037124
10 0 526 852 0.52844 0.504001 0.0470825 0.0214707 0.0037124
10 0 526 853 0.534641 0.505686 0.048049 0.0233889 0.0037124
10 0 526 854 0.531831 0.507453 0.0477826 0.0223217 0.0037124
10 0 526 855 0.534939 0.503106 0.0443188 0.0204655 0.0037124
10 0 526 856 0.534512 0.504178 0.0445814 0.019355 0.0037124
10 0 526 857 0.528783 0.502883 0.0424355 0.0207033 0.0037124
10 0 526 858 0.534566 0.503896 0.0452675 0.0202749 0.0037124
10 0 526 859 0.533381 0.507699 0.0428311 0.0232924 0.0037124
10 0 526 860 0.533965 0.504246 0.0460841 0.0207081 0.0037124
10 0 526 861 0.532606 0.505508 0.0464523 0.0219676 0.0037124
10 0 526 862 0.534121 0.506418 0.0462236 0.0230453 0.0037124
10 0 526 863 0.531833 0.504209 0.0436703 0.0211883 0.0037124
10 0 526 864 0.535913 0.504856 0.0443062 0.023115 0.0037124
10 0 526 865 0.533345 0.504273 0.0487691 0.0185183 0.0037124
10 0 526 866 0.533654 0.504434 0.0447761 0.0234818 0.0037124
10 0 526 867 0.532157 0.502681 0.0486767 0.0193792 0.0037124
10 0 526 868 0.529294 0.506074 0.046552 0.0238359 0.0037124
10 0 526 869 0.531039 0.505811 0.0449954 0.0225011 0.0037124
10 0 526 870 0.534119 0.506281 0.0436859 0.0234497 0.0037124
10 0 526 871 0.530294 0.504918 0.044182 0.0213316 0.0037124
10 0 526 872 0.528378 0.502435 0.0477861 0.0234676 0.0037124
10 0 526 873 0.536431 0.506529 0.048263 0.0223157 0.0037124
10 0 526 874 0.532348 0.505169 0.0483807 0.0208302 0.0037124
10 0 526 875 0.52841 0.503382 0.0430155 0.0200916 0.0037124
10 0 526 876 0.530993 0.505353 0.0466161 0.0211086 0.0037124
10 0 526 877 0.530202 0.502722 0.0458492 0.0203611 0.0037124
10 0 526 878 0.531579 0.504774 0.0437359 0.0226108 0.0037124
10 0 526 879 0.53226 0.502979 0.0455675 0.0191623 0.0037124
10 0 526 880 0.535123 0.505083 0.0510283 0.0215192 0.0037124
10 0 526 881 0.531676 0.50426 0.0448787 0.019344 0.0037124
10 0 526 882 0.531407 0.503375 0.0469441 0.0215299 0.0037124
10 0 526 883 0.532951 0.505454 0.043176 0.0217383 0.0037124
10 0 526 884 0.52771 0.507209 0.0459517 0.0245891 0.0037124
10 0 526 885 0.536434 0.508567 0.0476654 0.0237159 0.0037124
10 0 526 886 0.532178 0.503242 0.048879 0.0211525 0.0037124
10 0 526 887 0.528882 0.50672 0.0413965 0.0219594 0.0037124
10 0 526 888 0.534588 0.503278 0.0480971 0.021801 0.0037124
10 0 526 889 0.531366 0.5027 0.0447677 0.0220841 0.0037124
10 0 526 890 0.528751 0.504161 0.0488165 0.0225441 0.0037124
10 0 526 891 0.533524 0.503017 0.0472462 0.0223768 0.0037124
10 0 526 892 0.53067 0.503762 0.0432027 0.0213244 0.0037124
10 0 526 893 0.531631 0.501135 0.041431 0.0217941 0.0037124
10 0 526 894 0.533432 0.503313 0.0432765 0.0208417 0.0037124
10 0 526 895 0.531211 0.503296 0.0463158 0.0185857 0.0037124
10 0 526 896 0.536423 0.504543 0.0442657 0.0210542 0.0037124
10 0 526 897 0.536403 0.504684 0.0432637 0.0203164 0.0037124
10 0 526 898 0.532534 0.502368 0.0465516 0.0221504 0.0037124
10 0 526 899 0.534726 0.50444 0.0477036 0.0201874 0.0037124
10 0 526 900 0.533179 0.505669 0.0452746 0.0232209 0.0037124
10 0 526 901 0.532444 0.505835 0.049121 0.022685 0.0037124
10 0 526 902 0.534111 0.501583 0.044809 0.0208735 0.0037124
10 0 526 903 0.532201 0.503875 0.0440247 0.0228672 0.0037124
10 0 526 904 0.531141 0.506482 0.0453981 0.0242687 0.0037124
10 0 526 905 0.530737 0.503396 0.0476963 0.0184084 0.0037124
10 0 526 906 0.532602 0.508104 0.0453605 0.023162 0.0037124
10 0 526 907 0.530446 0.503221 0.0458011 0.0204503 0.0037124
10 0 526 908 0.532516 0.504989 0.0434779 0.02179 0.0037124
10 0 526 909 0.530331 0.503846 0.0464951 0.0203221 0.0037124
10 0 526 910 0.531381 0.504559 0.0444001 0.0210423 0.0037124
10 0 526 911 0.531938 0.507132 0.0460049 0.0230624 0.0037124
10 0 526 912 0.532186 0.502471 0.0447853 0.0223734 0.0037124
10 0 526 913 0.533317 0.502857 0.0489667 0.0240002 0.0037124
10 0 526 914 0.535728 0.504087 0.0452967 0.0222223 0.0037124
10 0 526 915 0.532875 0.504893 0.0463188 0.020196 0.0037124
10 0 526 916 0.533065 0.504659 0.0472623 0.0239807 0.0037124
10 0 526 917 0.532903 0.502889 0.0447531 0.0219352 0.0037124
10 0 526 918 0.533189 0.505681 0.0473026 0.0207659 0.0037124
10 0 526 919 0.533807 0.50562 0.0425392 0.0211734 0.0037124
10 0 526 920 0.53835 0.507439 0.0466886 0.0237202 0.0037124
10 0 526 921 0.533166 0.504541 0.0475831 0.0193721 0.0037124
10 0 526 922 0.531092 0.503991 0.0475784 0.0212085 0.0037124
10 0 526 923 0.529309 0.502508 0.0434753 0.0215057 0.0037124
10 0 526 924 0.529761 0.506006 0.0467755 0.0232068 0.0037124
10 0 526 925 0.531789 0.502587 0.0485028 0.0206879 0.0037124
10 0 526 926 0.530838 0.503159 0.0466236 0.02124 0.0037124
10 0 526 927 0.535674 0.50528 0.0460191 0.0219725 0.0037124
10 0 526 928 0.532622 0.505868 0.0456945 0.0218009 0.0037124
10 0 526 929 0.532766 0.506668 0.0489193 0.0223751 0.0037124
10 0 526 930 0.528223 0.503874 0.0443221 0.0213083 0.0037124
10 0 526 931 0.533392 0.503715 0.04688 0.0206257 0.0037124
10 0 526 932 0.531398 0.504961 0.0468508 0.0225067 0.0037124
10 0 526 933 0.538193 0.50666 0.047804 0.0205845 0.0037124
10 0 526 934 0.530694 0.505032 0.0455967 0.0229216 0.0037124
10 0 526 935 0.5325 0.501885 0.0448888 0.0229321 0.0037124
10 0 526 936 0.530433 0.507317 0.0462902 0.0253829 0.0037124
10 0 526 937 0.534125 0.504254 0.0425296 0.0225517 0.0037124
10 0 526 938 0.530994 0.503953 0.0460511 0.0213044 0.0037124
10 0 526 939 0.532567 0.505779 0.0415177 0.0225047 0.0037124
10 0 526 940 0.530426 0.50378 0.0443757 0.0220919 0.0037124
10 0 526 941 0.529781 0.504178 0.0462805 0.0216522 0.0037124
10 0 526 942 0.534036 0.505848 0.0444626 0.0216629 0.0037124
10 0 526 943 0.531651 0.504848 0.0473515 0.0215395 0.0037124
10 0 526 944 0.531831 0.505029 0.04811 0.0224154 0.0037124
10 0 526 945 0.526314 0.503712 0.0450308 0.022249 0.0037124
10 0 526 946 0.531225 0.502189 0.044707 0.0187803 0.0037124
10 0 526 947 0.529818 0.504005 0.0480619 0.0232356 0.0037124
10 0 526 948 0.531172 0.506757 0.0444779 0.0218207 0.0037124
10 0 526 949 0.532993 0.506624 0.0441466 0.0250186 0.0037124
10 0 526 950 0.530426 0.502147 0.0426929 0.0218314 0.0037124
10 0 526 951 0.532309 0.502219 0.044482 0.0215895 0.0037124
10 0 526 952 0.532551 0.50303 0.0460146 0.0210245 0.0037124
10 0 526 953 0.530583 0.500465 0.0465638 0.0182395 0.0037124
10 0 526 954 0.532208 0.504181 0.045164 0.0241108 0.0037124
10 0 526 955 0.531017 0.50551 0.0475481 0.022525 0.0037124
10 0 526 956 0.535274 0.506508 0.0459639 0.0227991 0.0037124
10 0 526 957 0.532092 0.505075 0.0452407 0.0237946 0.0037124
10 0 526 958 0.534047 0.505735 0.0443233 0.0241138 0.0037124
10 0 526 959 0.530675 0.504686 0.0423946 0.022711 0.0037124
10 0 526 960 0.530395 0.503977 0.0468247 0.021841 0.0037124
10 0 526 961 0.531322 0.501641 0.0449095 0.0210887 0.0037124
10 0 526 962 0.528589 0.505985 0.0443289 0.0216007 0.0037124
10 0 526 963 0.533841 0.504984 0.0440519 0.0202079 0.0037124
10 0 526 964 0.533116 0.505371 0.048119 0.0223281 0.0037124
10 0 526 965 0.533994 0.506565 0.0454005 0.0249765 0.0037124
10 0 526 966 0.530523 0.506019 0.0438808 0.0235449 0.0037124
10 0 526 967 0.532208 0.501975 0.0433169 0.0207385 0.0037124
10 0 526 968 0.53336 0.504363 0.0432303 0.0213193 0.0037124
10 0 526 969 0.536267 0.504433 0.046329 0.0225293 0.0037124
10 0 526 970 0.530413 0.506048 0.0458837 0.0252275 0.0037124
10 0 526 971 0.531626 0.504214 0.0460201 0.02134 0.0037124
10 0 526 972 0.534484 0.506048 0.0445906 0.0216188 0.0037124
10 0 526 973 0.529837 0.502515 0.0463407 0.0206324 0.0037124
10 0 526 974 0.533899 0.506047 0.0451836 0.0211132 0.0037124
10 0 526 975 0.531493 0.503707 0.0440194 0.0212774 0.0037124
10 0 526 976 0.532755 0.504053 0.0492188 0.0194403 0.0037124
10 0 526 977 0.534933 0.505144 0.0437626 0.0238168 0.0037124
10 0 526 978 0.531988 0.506897 0.0438079 0.0208277 0.0037124
10 0 526 979 0.534556 0.50379 0.0492361 0.0210284 0.0037124
10 0 526 980 0.532696 0.50485 0.0466263 0.0227348 0.0037124
10 0 526 981 0.532021 0.504745 0.0437821 0.0226432 0.0037124
10 0 526 982 0.533956 0.503321 0.0441851 0.0209872 0.0037124
10 0 526 983 0.532119 0.504707 0.0435788 0.0217732 0.0037124
10 0 526 984 0.530094 0.503847 0.0458655 0.0219227 0.0037124
10 0 526 985 0.532786 0.502736 0.0463399 0.0217571 0.0037124
10 0 526 986 0.532363 0.502914 0.043716 0.0214549 0.0037124
10 0 526 987 0.532772 0.503181 0.0440885 0.0205272 0.0037124
10 0 526 988 0.532635 0.504106 0.0441227 0.0221166 0.0037124
10 0 526 989 0.53137 0.503436 0.0475477 0.020906 0.0037124
10 0 526 990 0.534178 0.505624 0.0440502 0.0214954 0.0037124
10 0 526 991 0.535094 0.504934 0.045941 0.0209676 0.0037124
10 0 526 992 0.531531 0.505226 0.0468563 0.0218631 0.0037124
10 0 526 993 0.532152 0.502488 0.0436421 0.020397 0.0037124
10 0 526 994 0.534397 0.507165 0.0444245 0.0235951 0.0037124
10 0 526 995 0.535103 0.506841 0.0443646 0.0211353 0.0037124
10 0 526 996 0.531629 0.502482 0.0469394 0.0216292 0.0037124
10 0 526 997 0.533976 0.504512 0.0485058 0.0200482 0.0037124
10 0 526 998 0.53259 0.502713 0.04436 0.0211255 0.0037124
10 0 526 999 0.532348 0.505625 0.0466579 0.0232597 0.0037124
