
6 0 0 27.0821 10524.5
6 1 79 24.3169 9458.76
6 2 157 21.8391 8509.93
6 3 235 19.3843 7497.55
6 4 313 17.7135 6784.57
6 5 391 16.3858 6223.25
6 6 469 15.6321 5846.61
6 7 547 14.7704 5443.83
6 8 625 14.0932 5095.12
6 9 703 13.4625 4794.38
6 10 781 12.9974 4535.32
6 11 859 12.5037 4306.95
6 12 937 12.1526 4148.62
6 13 1015 11.8721 3987.5
6 14 1094 11.6437 3853.79
6 15 1173 11.4409 3753.6
6 16 1252 11.2311 3657.06
6 17 1331 11.0669 3564.1
6 18 1410 10.8653 3452.56
6 19 1489 10.7568 3388.64
6 20 1568 10.6299 3319.72
6 21 1647 10.4904 3260.07
6 22 1726 10.389 3218.03
6 23 1805 10.2697 3167.08
6 24 1884 10.1539 3112.22
6 25 1963 10.0677 3066
6 26 2042 10.0002 3039.81
6 27 2121 9.93496 2997.46
6 28 2201 9.88488 2961.42
6 29 2280 9.81939 2934.32
6 30 2359 9.72954 2903.18
6 31 2439 9.66067 2872.98
6 32 2519 9.59729 2834.99
6 33 2599 9.53109 2796.21
6 34 2679 9.47849 2765.86
6 35 2759 9.45333 2746.38
6 36 2839 9.42327 2729.11
6 37 2919 9.40491 2703.73
6 38 2999 9.35617 2677.01
6 39 3079 9.32014 2660.2
6 40 3159 9.28611 2643.89
6 41 3239 9.27812 2615.69
6 42 3319 9.25058 2606.4
6 43 3399 9.22086 2587.19
6 44 3479 9.19161 2573.45
6 45 3559 9.18181 2555.98
6 46 3639 9.17798 2543.93
6 47 3719 9.16618 2534
6 48 3800 9.1238 2517.42
6 49 3880 9.09175 2507.69
6 50 3960 9.07253 2500.49
6 51 4040 9.0681 2489.97
6 52 4120 9.03646 2480.01
6 53 4201 9.00827 2466.02
6 54 4282 8.99826 2455.54
6 55 4363 8.98089 2449.41
6 56 4444 8.96693 2436.87
6 57 4524 8.96197 2433.72
6 58 4605 8.94144 2422.31
6 59 4686 8.92131 2413.72
6 60 4767 8.91086 2405.42
6 61 4848 8.89274 2394.91
6 62 4929 8.88232 2391.14
6 63 5010 8.86855 2388.27
6 64 5091 8.86933 2384.38
6 65 5172 8.8512 2378.89
6 66 5253 8.85202 2376.17
6 67 5335 8.83657 2368.8
6 68 5416 8.82822 2359.2
6 69 5498 8.81498 2352.07
6 70 5580 8.80032 2349.19
6 71 5662 8.79135 2342.61
6 72 5744 8.78584 2339.01
6 73 5826 8.78054 2337.31
6 74 5911 8.77605 2332.55
6 75 5993 8.75992 2329.28
6 76 6075 8.75862 2328.07
6 77 6157 8.74879 2320.81
6 78 6239 8.72763 2314.16
6 79 6321 8.71682 2308.14
6 80 6403 8.7171 2306.34
6 81 6485 8.71055 2301.42
6 82 6567 8.70027 2296.94
6 83 6649 8.69 2292.23
6 84 6730 8.69083 2287.43
6 85 6812 8.70476 2286.93
6 86 6894 8.69732 2284.58
6 87 6976 8.69356 2281.23
6 88 7058 8.68353 2279.08
6 89 7140 8.67184 2274.18
6 90 7222 8.67901 2272.11
6 91 7304 8.68712 2273.35
6 92 7388 8.69201 2272.12
6 93 7473 8.69742 2269.88
6 94 7555 8.68855 2269.36
6 95 7637 8.70397 2273.89
6 96 7719 8.6829 2265.94
6 97 7800 8.67348 2260.81
6 98 7881 8.68049 2260.77
6 99 7963 8.67292 2256.04
6 100 8044 8.65398 2251.76
6 101 8126 8.64903 2251.06
6 102 8207 8.63962 2249.11
6 103 8288 8.63429 2247.4
6 104 8369 8.62809 2246.62
6 105 8450 8.62294 2243.38
6 106 8531 8.62044 2241.99
6 107 8612 8.61233 2235.11
6 108 8694 8.6159 2234.24
6 109 8776 8.60762 2232.72
6 110 8858 8.60354 2229.46
6 111 8939 8.60441 2228.66
6 112 9020 8.61044 2229.77
6 113 9101 8.61305 2229.31
6 114 9182 8.60191 2227.38
6 115 9263 8.60124 2224.08
6 116 9344 8.59138 2222.82
6 117 9425 8.5849 2219.52
6 118 9507 8.59059 2221.39
6 119 9588 8.5737 2217.69
6 120 9669 8.56412 2215.81
6 121 9750 8.56578 2213.04
6 122 9831 8.55891 2212.15
6 123 9913 8.54863 2210.52
6 124 9995 8.54436 2208.18
6 125 10076 8.53795 2205.95
6 126 10157 8.53353 2205.35
6 127 10238 8.53233 2205.28
6 128 10319 8.52397 2202.1
6 129 10400 8.51568 2199.69
6 130 10482 8.4965 2193.97
6 131 10563 8.48052 2190.63
6 132 10644 8.47696 2189.97
6 133 10726 8.46339 2187.37
6 134 10807 8.46896 2188.31
6 135 10888 8.47746 2186.94
6 136 10970 8.47762 2186.11
6 137 11052 8.46588 2184.8
6 138 11134 8.44158 2182.21
6 139 11216 8.45007 2182.02
6 140 11297 8.43594 2179.29
6 141 11379 8.43256 2177.57
6 142 11461 8.42566 2177.16
6 143 11543 8.43399 2180.16
6 144 11624 8.42493 2176.62
6 145 11706 8.42275 2177.87
6 146 11788 8.41118 2173.49
6 147 11870 8.40842 2169.54
6 148 11952 8.40092 2168.21
6 149 12034 8.40303 2168.58
6 150 12116 8.39478 2167.4
6 151 12198 8.39328 2168.34
6 152 12280 8.39615 2168.05
6 153 12361 8.40632 2170.45
6 154 12442 8.39716 2169.29
6 155 12523 8.40526 2169.94
6 156 12604 8.40342 2167.24
6 157 12685 8.4115 2169.58
6 158 12767 8.40678 2167.72
6 159 12849 8.39883 2167.42
6 160 12930 8.41297 2168.51
6 161 13012 8.40691 2166.67
6 162 13094 8.39806 2163.44
6 163 13176 8.40662 2165.34
6 164 13257 8.41155 2166.36
6 165 13339 8.41134 2165.26
6 166 13420 8.41921 2164.73
6 167 13501 8.40715 2161.12
6 168 13583 8.39925 2158.95
6 169 13664 8.39773 2155.05
6 170 13746 8.39847 2155.7
6 171 13828 8.40103 2155.91
6 172 13909 8.39088 2151.97
6 173 13990 8.38619 2151.26
6 174 14071 8.40314 2152.4
6 175 14152 8.41964 2154.36
6 176 14234 8.40383 2150.45
6 177 14316 8.40051 2151.46
6 178 14398 8.38953 2148.79
6 179 14479 8.38057 2146.44
6 180 14561 8.37337 2145.01
6 181 14642 8.37133 2145.25
6 182 14724 8.38166 2144.69
6 183 14805 8.37611 2141.01
6 184 14887 8.37173 2139.39
6 185 14969 8.3665 2137.02
6 186 15051 8.35791 2134.62
6 187 15133 8.36033 2135.74
6 188 15215 8.3522 2133.88
6 189 15297 8.34684 2132.45
6 190 15379 8.3474 2131.24
6 191 15461 8.34718 2128.44
6 192 15543 8.34842 2129.6
6 193 15625 8.36577 2133.15
6 194 15707 8.36876 2133.81
6 195 15789 8.35411 2131.98
6 196 15871 8.34738 2130.6
6 197 15953 8.33454 2126.84
6 198 16035 8.31983 2123.64
6 199 16117 8.31874 2120.31
6 200 16199 8.31601 2119.7
6 201 16281 8.31457 2119.8
6 202 16363 8.30315 2116.66
6 203 16445 8.29627 2114.49
6 204 16527 8.29159 2112.52
6 205 16609 8.2928 2111.77
6 206 16691 8.29715 2112.47
6 207 16773 8.28203 2110.5
6 208 16855 8.28506 2110.09
6 209 16937 8.29522 2112.28
6 210 17019 8.29595 2114.06
6 211 17101 8.29164 2114.11
6 212 17183 8.30203 2115.93
6 213 17265 8.30367 2116.38
6 214 17347 8.28412 2112.13
6 215 17429 8.27222 2111.21
6 216 17515 8.2678 2111.38
6 217 17597 8.26965 2109.05
6 218 17679 8.26562 2108.43
6 219 17761 8.25398 2105.25
6 220 17843 8.26511 2107.83
6 221 17925 8.27002 2110.22
6 222 18008 8.27222 2109.86
6 223 18090 8.27051 2109.77
6 224 18172 8.26778 2108.74
6 225 18254 8.2735 2109.06
6 226 18336 8.26608 2107.29
6 227 18418 8.27602 2109.37
6 228 18501 8.26326 2105.95
6 229 18583 8.25857 2104.78
6 230 18665 8.2565 2103.87
6 231 18747 8.26304 2105.43
6 232 18830 8.25678 2105.04
6 233 18912 8.25555 2102.84
6 234 18995 8.26298 2104.26
6 235 19078 8.26845 2107.05
6 236 19161 8.25894 2105.84
6 237 19244 8.27151 2106.73
6 238 19327 8.28212 2109.75
6 239 19409 8.27802 2107.65
6 240 19491 8.26667 2104.78
6 241 19573 8.26218 2105.08
6 242 19655 8.26323 2106.29
6 243 19737 8.24912 2103.71
6 244 19820 8.24452 2101.73
6 245 19902 8.24393 2103.28
6 246 19984 8.23897 2102.01
6 247 20066 8.24151 2103.12
6 248 20149 8.22406 2101.1
6 249 20232 8.24262 2104.2
6 250 20315 8.24218 2104.58
6 251 20397 8.24131 2102.27
6 252 20479 8.23934 2101.02
6 253 20562 8.23833 2099.25
6 254 20644 8.24147 2099.64
6 255 20726 8.24533 2098.27
6 256 20809 8.23967 2097.69
6 257 20891 8.23938 2097.04
6 258 20973 8.22756 2091.88
6 259 21055 8.24271 2096.65
6 260 21137 8.246 2096.11
6 261 21220 8.24528 2097.63
6 262 21302 8.25066 2099.17
6 263 21384 8.2479 2096.1
6 264 21466 8.24529 2097.05
6 265 21548 8.23074 2095.6
6 266 21630 8.23261 2096.5
6 267 21712 8.23264 2097.01
6 268 21794 8.22726 2094.16
6 269 21876 8.22944 2095.26
6 270 21958 8.21707 2091.99
6 271 22041 8.20927 2089.34
6 272 22123 8.21852 2093.1
6 273 22206 8.22532 2095.77
6 274 22289 8.22375 2092.86
6 275 22372 8.21655 2090.28
6 276 22455 8.21055 2088.47
6 277 22538 8.20923 2088.11
6 278 22621 8.20974 2089.51
6 279 22704 8.20418 2089.48
6 280 22787 8.21083 2090.22
6 281 22870 8.19834 2087.21
6 282 22953 8.18775 2082.22
6 283 23036 8.19466 2083.39
6 284 23119 8.19334 2081.86
6 285 23202 8.17791 2077.53
6 286 23285 8.17298 2075.55
6 287 23368 8.16659 2073.16
6 288 23451 8.16923 2073.79
6 289 23534 8.16494 2072.49
6 290 23618 8.15813 2071.76
6 291 23701 8.16837 2071.86
6 292 23784 8.16175 2071.77
6 293 23867 8.15552 2069.39
6 294 23950 8.15688 2068.87
6 295 24033 8.155 2068.36
6 296 24116 8.14942 2068.18
6 297 24199 8.15419 2068.79
6 298 24282 8.14401 2066.84
6 299 24365 8.14551 2066.72
6 300 24448 8.14093 2065.59
