0 0 0 27.0813 10524
0 1 93 23.9407 9423.28
0 2 175 22.4049 8808.63
0 3 257 21.2854 8326.75
0 4 339 20.3727 7914.59
0 5 423 19.5888 7552.05
0 6 506 18.8986 7226.51
0 7 588 18.2821 6933.63
0 8 670 17.725 6667.91
0 9 761 17.2171 6424.4
0 10 843 16.7517 6200.71
0 11 925 16.3228 5995.36
0 12 1007 15.9254 5803.61
0 13 1096 15.5562 5625.27
0 14 1184 15.2124 5459.52
0 15 1276 14.891 5305.46
0 16 1362 14.59 5161.36
0 17 1447 14.3074 5025.67
0 18 1532 14.0416 4898.61
0 19 1624 13.7914 4779.99
0 20 1714 13.5552 4667.37
0 21 1803 13.3322 4561.43
0 22 1893 13.1211 4461.62
0 23 1981 12.9212 4367.36
0 24 2069 12.7316 4278.3
0 25 2169 12.5517 4194.1
0 26 2257 12.3806 4113.96
0 27 2346 12.218 4038.5
0 28 2430 12.063 3966.63
0 29 2512 11.9154 3898.15
0 30 2594 11.7747 3833.39
0 31 2676 11.6403 3771.37
0 32 2758 11.5121 3712.87
0 33 2844 11.3895 3657.05
0 34 2929 11.2723 3603.74
0 35 3014 11.1602 3553.35
0 36 3099 11.0528 3504.96
0 37 3184 10.95 3459.03
0 38 3269 10.8514 3415.06
0 39 3354 10.7568 3372.75
0 40 3441 10.666 3332.52
0 41 3529 10.5789 3294.34
0 42 3617 10.4951 3257.62
0 43 3702 10.4147 3222.16
0 44 3787 10.3373 3188.44
0 45 3872 10.2629 3156.03
0 46 3957 10.1913 3125.2
0 47 4045 10.1223 3095.33
0 48 4133 10.0559 3066.7
0 49 4221 9.99192 3039.38
0 50 4309 9.93021 3013.01
0 51 4401 9.87067 2987.8
0 52 4490 9.81327 2963.61
0 53 4578 9.75785 2940.18
0 54 4663 9.70437 2917.6
0 55 4751 9.6527 2896.15
0 56 4843 9.60278 2875.49
0 57 4941 9.5545 2855.55
0 58 5026 9.50784 2836.37
0 59 5111 9.46273 2817.81
0 60 5196 9.41908 2799.84
0 61 5281 9.37683 2782.65
0 62 5366 9.33589 2766.07
0 63 5451 9.29623 2749.98
0 64 5536 9.25783 2734.34
0 65 5621 9.22059 2719.21
0 66 5710 9.18449 2704.72
0 67 5799 9.1495 2690.75
0 68 5885 9.11557 2677.11
0 69 5970 9.08265 2664.02
0 70 6062 9.05068 2651.35
0 71 6154 9.01965 2639.02
0 72 6245 8.9895 2627.05
0 73 6334 8.96022 2615.54
0 74 6439 8.93176 2604.36
0 75 6564 8.90412 2593.5
0 76 6689 8.87719 2582.96
0 77 6785 8.85104 2572.79
0 78 6877 8.82559 2562.88
0 79 6970 8.80082 2553.23
0 80 7066 8.77672 2543.81
0 81 7161 8.75323 2534.7
0 82 7254 8.73038 2525.87
0 83 7347 8.7081 2517.22
0 84 7452 8.6864 2508.85
0 85 7569 8.66525 2500.71
0 86 7685 8.64462 2492.82
0 87 7780 8.62452 2485.02
0 88 7872 8.6049 2477.52
0 89 7955 8.58576 2470.15
0 90 8038 8.5671 2463.03
0 91 8120 8.54885 2456.03
0 92 8205 8.53106 2449.27
0 93 8290 8.51368 2442.69
0 94 8375 8.49671 2436.28
0 95 8460 8.48014 2429.91
0 96 8545 8.46392 2423.7
0 97 8631 8.44808 2417.67
0 98 8716 8.4326 2411.76
0 99 8801 8.41746 2405.96
0 100 8886 8.40264 2400.33
0 101 8967 8.38815 2394.76
0 102 9047 8.37397 2389.33
0 103 9134 8.36008 2384.13
0 104 9226 8.3465 2378.91
0 105 9314 8.33321 2373.87
0 106 9399 8.32019 2368.94
0 107 9484 8.30741 2364.13
0 108 9570 8.2949 2359.43
0 109 9655 8.28265 2354.76
0 110 9740 8.27064 2350.21
0 111 9832 8.25887 2345.75
0 112 9921 8.24732 2341.35
0 113 10009 8.23601 2337.04
0 114 10098 8.22492 2332.86
0 115 10187 8.21402 2328.71
0 116 10276 8.20333 2324.55
0 117 10368 8.19284 2320.52
0 118 10459 8.18255 2316.56
0 119 10547 8.17244 2312.72
0 120 10690 8.16251 2308.97
0 121 10809 8.15277 2305.27
0 122 10928 8.14319 2301.59
0 123 11047 8.13379 2298.02
0 124 11145 8.12455 2294.51
0 125 11289 8.11548 2291.01
0 126 11408 8.10655 2287.55
0 127 11525 8.09778 2284.19
0 128 11637 8.08915 2280.88
0 129 11729 8.08067 2277.58
0 130 11817 8.07232 2274.38
0 131 11906 8.06411 2271.19
0 132 11996 8.05605 2268.15
0 133 12084 8.04809 2265.06
0 134 12177 8.04028 2262.06
0 135 12277 8.03258 2259.03
0 136 12372 8.02501 2256.07
0 137 12465 8.01754 2253.2
0 138 12558 8.0102 2250.36
0 139 12651 8.00296 2247.55
0 140 12741 7.99584 2244.82
0 141 12827 7.98882 2242.07
0 142 12913 7.98191 2239.34
0 143 12999 7.97509 2236.64
0 144 13085 7.96837 2234
0 145 13171 7.96175 2231.47
0 146 13257 7.95523 2228.92
0 147 13344 7.94879 2226.42
0 148 13428 7.94245 2223.95
0 149 13511 7.9362 2221.52
0 150 13594 7.93003 2219.16
0 151 13680 7.92395 2216.76
0 152 13766 7.91795 2214.31
0 153 13852 7.91203 2211.93
0 154 13941 7.90618 2209.65
0 155 14030 7.90041 2207.39
0 156 14119 7.89472 2205.13
0 157 14208 7.88911 2202.92
0 158 14304 7.88356 2200.7
0 159 14400 7.87811 2198.49
0 160 14496 7.87269 2196.41
0 161 14592 7.86735 2194.34
0 162 14684 7.86209 2192.3
0 163 14774 7.85688 2190.19
0 164 14861 7.85173 2188.1
0 165 14947 7.84665 2186.06
0 166 15034 7.84163 2184.05
0 167 15120 7.83668 2182.02
0 168 15206 7.83178 2180.09
0 169 15292 7.82694 2178.16
0 170 15381 7.82216 2176.26
0 171 15467 7.81743 2174.4
0 172 15549 7.81275 2172.53
0 173 15632 7.80813 2170.65
0 174 15715 7.80356 2168.83
0 175 15795 7.79904 2167.03
0 176 15878 7.79458 2165.3
0 177 15961 7.79015 2163.52
0 178 16043 7.78578 2161.77
0 179 16126 7.78147 2160.1
0 180 16210 7.77718 2158.34
0 181 16297 7.77296 2156.66
0 182 16383 7.76877 2154.97
0 183 16468 7.76463 2153.33
0 184 16552 7.76053 2151.69
0 185 16637 7.75648 2150.1
0 186 16722 7.75247 2148.51
0 187 16807 7.74849 2146.91
0 188 16893 7.74456 2145.33
0 189 16976 7.74067 2143.78
0 190 17058 7.73682 2142.27
0 191 17144 7.733 2140.73
0 192 17230 7.72923 2139.22
0 193 17315 7.72549 2137.73
0 194 17400 7.72179 2136.22
0 195 17486 7.71812 2134.72
0 196 17572 7.71449 2133.27
0 197 17657 7.71089 2131.87
0 198 17743 7.70733 2130.45
0 199 17828 7.7038 2129.02
0 200 17913 7.7003 2127.65