0 0 0 5120.86 53650.7
0 1 622 16.2124 194.72
0 2 1193 1.31803 15.9362
0 3 1764 0.29665 3.5929
0 4 2335 0.0890516 1.07435
0 5 2906 0.0306606 0.371501
0 6 3477 0.0117798 0.143902
0 7 4048 0.00493804 0.0608785
0 8 4631 0.00220317 0.0273118
0 9 5202 0.00102538 0.0128259
0 10 5773 0.000490577 0.00619016
0 11 6344 0.00023915 0.00302996
0 12 6915 0.000118158 0.00150042
0 13 7486 5.8999e-05 0.000750375
0 14 8057 2.97212e-05 0.000379535
0 15 8628 1.50908e-05 0.000191877
0 16 9200 7.71852e-06 9.84909e-05
0 17 9771 3.97286e-06 5.06071e-05
0 18 10342 2.05863e-06 2.61437e-05
0 19 10913 1.07289e-06 1.35918e-05
0 20 11484 5.6206e-07 7.10423e-06
0 21 12055 2.96041e-07 3.7304e-06
0 22 12626 1.56687e-07 1.96798e-06
0 23 13197 8.32971e-08 1.04432e-06
0 24 13768 4.44655e-08 5.56979e-07
0 25 14406 2.38185e-08 2.96179e-07
0 26 14977 1.28055e-08 1.59303e-07
0 27 15548 6.90505e-09 8.55439e-08
0 28 16119 3.73408e-09 4.60583e-08
0 29 16690 2.02388e-09 2.49601e-08
0 30 17261 1.09926e-09 1.34958e-08
0 31 17832 5.9829e-10 7.33762e-09
0 32 18403 3.26252e-10 3.98383e-09
0 33 18974 1.78075e-10 2.16249e-09
0 34 19568 9.7375e-11 1.17935e-09
0 35 20139 5.3309e-11 6.49107e-10
0 36 20710 2.92065e-11 3.52856e-10
0 37 21281 1.60193e-11 1.93277e-10
0 38 21852 8.79309e-12 1.06328e-10
0 39 22423 4.82966e-12 5.8063e-11
0 40 22994 2.65423e-12 3.18332e-11
0 41 23565 1.45997e-12 1.74652e-11
0 42 24136 8.03056e-13 9.64849e-12
0 43 24709 4.41912e-13 5.28968e-12
0 44 25281 2.43293e-13 2.90393e-12
0 45 25852 1.33987e-13 1.59741e-12
0 46 26423 7.38064e-14 8.81261e-13
0 47 26994 4.06621e-14 4.83881e-13
0 48 27565 2.24089e-14 2.65884e-13
0 49 28136 1.23514e-14 1.46847e-13
0 50 28707 6.80912e-15 8.10634e-14
0 51 29278 3.75488e-15 4.4486e-14
0 52 29849 2.06991e-15 2.45001e-14
0 53 30420 1.14137e-15 1.35409e-14
0 54 30991 6.29494e-16 7.45139e-15
0 55 31562 3.47446e-16 4.11809e-15
0 56 32157 1.91498e-16 2.2602e-15
0 57 32728 1.05621e-16 1.24864e-15
0 58 33299 5.82708e-17 6.8946e-16
0 59 33870 3.21389e-17 3.80284e-16
0 60 34441 1.77306e-17 2.08798e-16
0 61 35012 9.78106e-18 1.15436e-16
0 62 35583 5.39693e-18 6.39634e-17
0 63 36154 2.97751e-18 3.51183e-17
0 64 36725 1.64252e-18 1.93112e-17
0 65 37296 9.06184e-19 1.06979e-17
0 66 37867 5.00031e-19 5.87803e-18
0 67 38438 2.75913e-19 3.24815e-18
0 68 39011 1.52226e-19 1.79466e-18
0 69 39582 8.39844e-20 9.90643e-19
0 70 40153 4.63457e-20 5.47991e-19
0 71 40724 2.55721e-20 3.01182e-19
0 72 41295 1.41098e-20 1.66203e-19
0 73 41866 7.78779e-21 9.16995e-20
0 74 42437 4.30281e-21 5.06598e-20
0 75 43008 2.37806e-21 2.78823e-20
0 76 43579 1.31752e-21 1.55343e-20
0 77 44150 7.33542e-22 8.58304e-21
0 78 44721 4.11544e-22 4.81874e-21
0 79 45292 2.34051e-22 2.74447e-21
0 80 45864 1.36254e-22 1.59975e-21
0 81 46435 8.23134e-23 9.63444e-22
0 82 47006 5.25958e-23 6.14862e-22
0 83 47577 3.6209e-23 4.21881e-22
0 84 48148 2.71857e-23 3.15999e-22
0 85 48719 2.22065e-23 2.58322e-22
0 86 49290 1.94612e-23 2.26016e-22
0 87 49861 1.79521e-23 2.08096e-22
0 88 50432 1.71137e-23 1.98348e-22
0 89 51003 1.6659e-23 1.93229e-22
0 90 51574 1.64021e-23 1.90451e-22
0 91 52145 1.62642e-23 1.88783e-22
0 92 52716 1.61856e-23 1.87533e-22
0 93 53287 1.61424e-23 1.87004e-22
0 94 53858 1.61197e-23 1.86897e-22
0 95 54450 1.61066e-23 1.86679e-22
0 96 55021 1.60983e-23 1.86826e-22
0 97 55592 1.60936e-23 1.86916e-22
0 98 56163 1.60973e-23 1.86797e-22
0 99 56734 1.60961e-23 1.86542e-22
0 100 57305 1.60887e-23 1.86758e-22