0 0 0 5120.86 53650.7
0 1 680 4387.28 45934.9
0 2 1293 3816.27 39984.4
0 3 1906 3349.83 35174.4
0 4 2519 2959.48 31179.2
0 5 3132 2628.16 27802
0 6 3745 2344.23 24913.3
0 7 4358 2099.11 22418.5
0 8 4995 1886.21 20247.5
0 9 5608 1700.36 18347.4
0 10 6221 1537.43 16675.9
0 11 6834 1394 15198.9
0 12 7447 1267.32 13888.6
0 13 8060 1155.05 12722.3
0 14 8673 1055.28 11680.7
0 15 9286 966.348 10747.9
0 16 9899 886.881 9910.24
0 17 10512 815.687 9155.99
0 18 11125 751.753 8475.25
0 19 11738 694.205 7859.37
0 20 12351 642.288 7300.95
0 21 12964 595.346 6793.6
0 22 13577 552.812 6331.66
0 23 14215 514.193 5910.1
0 24 14828 479.055 5524.73
0 25 15441 447.022 5171.76
0 26 16054 417.762 4847.86
0 27 16667 390.983 4550.07
0 28 17280 366.429 4275.82
0 29 17893 343.875 4022.83
0 30 18506 323.119 3789.05
0 31 19119 303.986 3572.64
0 32 19755 286.318 3372.04
0 33 20368 269.977 3185.79
0 34 20981 254.838 3012.63
0 35 21594 240.791 2851.4
0 36 22207 227.738 2701.06
0 37 22820 215.589 2560.71
0 38 23433 204.267 2429.51
0 39 24046 193.701 2306.72
0 40 24659 183.827 2191.65
0 41 25275 174.588 2083.7
0 42 25888 165.933 1982.33
0 43 26501 157.814 1887.02
0 44 27114 150.191 1797.34
0 45 27727 143.025 1712.85
0 46 28340 136.281 1633.19
0 47 28953 129.929 1558.01
0 48 29566 123.94 1487.01
0 49 30179 118.287 1419.9
0 50 30792 112.948 1356.42
0 51 31405 107.9 1296.32
0 52 32038 103.125 1239.38
0 53 32651 98.6029 1185.41
0 54 33264 94.3181 1134.2
0 55 33877 90.2553 1085.61
0 56 34490 86.4002 1039.45
0 57 35103 82.74 995.592
0 58 35716 79.2627 953.894
0 59 36329 75.9572 914.227
0 60 36942 72.8132 876.47
0 61 37555 69.8214 840.521
0 62 38168 66.9728 806.277
0 63 38781 64.2594 773.644
0 64 39418 61.6735 742.524
0 65 40031 59.208 712.847
0 66 40644 56.8564 684.53
0 67 41257 54.6125 657.502
0 68 41870 52.4704 631.691
0 69 42483 50.4249 607.039
0 70 43096 48.4709 583.483
0 71 43709 46.6036 560.974
0 72 44322 44.8186 539.45
0 73 44935 43.1118 518.868
0 74 45548 41.4793 499.18
0 75 46163 39.9173 480.344
0 76 46776 38.4223 462.312
0 77 47389 36.9912 445.048
0 78 48002 35.6208 428.52
0 79 48615 34.3083 412.692
0 80 49228 33.0508 397.526
0 81 49841 31.8458 382.993