15 0 0 5120.86 53650.7
15 1 1820 3.60572e-14 4.2579e-13
15 2 3734 7.54872e-28 7.82837e-27
15 3 5496 5.2723e-32 6.14881e-31
15 4 7075 2.13633e-33 2.69609e-32
15 5 8626 7.93639e-34 1.06721e-32
15 6 10179 3.53364e-34 4.89285e-33
15 7 11731 1.89376e-34 2.53993e-33
15 8 13283 1.41482e-34 2.24602e-33
15 9 14829 1.24413e-34 1.53713e-33
15 10 16373 8.54436e-35 1.32583e-33
15 11 17908 6.69544e-35 1.09179e-33
15 12 19446 7.10957e-35 1.39288e-33
15 13 20984 5.2353e-35 8.4215e-34
15 14 22515 4.12349e-35 9.13769e-34
15 15 24044 3.97358e-35 6.20061e-34
15 16 25568 3.46242e-35 5.76714e-34
15 17 27084 2.83023e-35 5.66715e-34
15 18 28601 2.44015e-35 4.38003e-34
15 19 30114 1.93924e-35 3.00144e-34
15 20 31637 1.4809e-35 2.71727e-34
15 21 33160 1.5204e-35 1.88043e-34
15 22 34677 1.47487e-35 2.21866e-34
15 23 36191 1.46363e-35 2.13168e-34
15 24 37723 1.24754e-35 1.22459e-34
15 25 39245 1.52683e-35 1.79167e-34
15 26 40779 1.17497e-35 1.22706e-34
15 27 42312 9.31769e-36 9.48405e-35
15 28 43829 8.37907e-36 8.35142e-35
15 29 45346 8.00974e-36 1.09137e-34
15 30 46867 8.64019e-36 1.10207e-34
15 31 48394 1.03602e-35 1.68321e-34
15 32 49929 1.05499e-35 1.36911e-34
15 33 51464 9.74979e-36 1.3531e-34
15 34 52989 1.00195e-35 1.20028e-34
15 35 54515 6.86003e-36 1.10728e-34
15 36 56038 6.28473e-36 7.51359e-35
15 37 57556 6.65672e-36 7.46914e-35
15 38 59071 7.72753e-36 8.46421e-35
15 39 60596 6.98948e-36 9.85382e-35
15 40 62120 6.53697e-36 8.53229e-35
15 41 63653 8.29731e-36 8.26796e-35
15 42 65186 5.87584e-36 6.78729e-35
15 43 66717 4.92498e-36 5.50575e-35
15 44 68237 5.59596e-36 5.39873e-35
15 45 69762 5.8825e-36 6.65493e-35
15 46 71285 6.5784e-36 7.68932e-35
15 47 72807 6.1432e-36 7.57934e-35
15 48 74330 4.75882e-36 5.79233e-35
15 49 75850 4.7589e-36 5.59395e-35
15 50 77369 3.99566e-36 4.76865e-35
15 51 78886 3.73177e-36 4.83316e-35
15 52 80403 3.43179e-36 4.1462e-35
15 53 81923 3.05878e-36 3.05583e-35
15 54 83437 3.06192e-36 3.74942e-35
15 55 84967 2.43681e-36 4.57068e-35
15 56 86492 2.13282e-36 2.36408e-35
15 57 88012 2.25236e-36 4.18975e-35
15 58 89524 2.27419e-36 4.90127e-35
15 59 91037 2.64662e-36 4.88501e-35
15 60 92553 2.39006e-36 3.5426e-35
15 61 94077 2.2546e-36 3.33759e-35
15 62 95602 2.26754e-36 2.41165e-35
15 63 97131 2.4334e-36 3.09041e-35
15 64 98652 2.53611e-36 3.06546e-35
15 65 100171 2.18844e-36 1.9538e-35
15 66 101690 2.09234e-36 1.63995e-35
15 67 103223 1.47997e-36 1.5651e-35
15 68 104753 1.44685e-36 1.57983e-35
15 69 106267 1.48495e-36 2.00105e-35
15 70 107788 1.44017e-36 1.43444e-35
15 71 109305 1.30804e-36 1.48478e-35
15 72 110831 1.07551e-36 9.53629e-36
15 73 112361 1.07827e-36 1.01973e-35
15 74 113887 1.0475e-36 1.06475e-35
15 75 115402 1.02993e-36 1.05955e-35
15 76 116916 9.94368e-37 1.04054e-35
15 77 118427 9.6191e-37 9.26083e-36
15 78 119939 9.73801e-37 9.85432e-36
15 79 121454 1.03942e-36 8.79541e-36
15 80 122977 1.01651e-36 1.43499e-35
15 81 124497 1.03691e-36 1.33478e-35
15 82 126017 1.12702e-36 1.6001e-35
15 83 127541 1.17352e-36 2.10973e-35
15 84 129068 1.39998e-36 2.46545e-35
15 85 130591 1.42775e-36 2.32337e-35
15 86 132115 1.32434e-36 2.87148e-35
15 87 133641 1.41886e-36 2.85935e-35
15 88 135168 1.51659e-36 2.98106e-35
15 89 136689 1.57803e-36 2.52334e-35
15 90 138211 1.42679e-36 2.20726e-35
15 91 139734 1.16023e-36 1.82873e-35
15 92 141246 1.14203e-36 1.77468e-35
15 93 142759 1.21112e-36 1.64948e-35
15 94 144279 1.19417e-36 1.69294e-35
15 95 145799 1.06477e-36 1.72688e-35
15 96 147324 9.80538e-37 1.92771e-35
15 97 148847 1.09417e-36 2.31011e-35
15 98 150369 1.19529e-36 2.0476e-35
15 99 151892 1.2162e-36 2.74034e-35
15 100 153409 1.23307e-36 2.38553e-35