0 0 0 5120.86 53650.7
0 1 680 4387.28 45934.9
0 2 1293 3816.27 39984.4
0 3 1906 3349.83 35174.4
0 4 2519 2959.48 31179.2
0 5 3132 2628.16 27802
0 6 3745 2344.23 24913.3
0 7 4358 2099.11 22418.5
0 8 4995 1886.21 20247.5
0 9 5608 1700.36 18347.4
0 10 6221 1537.43 16675.9
0 11 6834 1394 15198.9
0 12 7447 1267.32 13888.6
0 13 8060 1155.05 12722.3
0 14 8673 1055.28 11680.7
0 15 9286 966.348 10747.9
0 16 9899 886.881 9910.24
0 17 10512 815.687 9155.99
0 18 11125 751.753 8475.25
0 19 11738 694.205 7859.37
0 20 12351 642.288 7300.95
0 21 12964 595.346 6793.6
0 22 13577 552.812 6331.66
0 23 14215 514.193 5910.1
0 24 14828 479.055 5524.73
0 25 15441 447.022 5171.76
0 26 16054 417.762 4847.86
0 27 16667 390.983 4550.07
0 28 17280 366.429 4275.82
0 29 17893 343.875 4022.83
0 30 18506 323.119 3789.05
0 31 19119 303.986 3572.64
0 32 19755 286.318 3372.04
0 33 20368 269.977 3185.79
0 34 20981 254.838 3012.63
0 35 21594 240.791 2851.4
0 36 22207 227.738 2701.06
0 37 22820 215.589 2560.71
0 38 23433 204.267 2429.51
0 39 24046 193.701 2306.72
0 40 24659 183.827 2191.65
0 41 25275 174.588 2083.7
0 42 25888 165.933 1982.33
0 43 26501 157.814 1887.02
0 44 27114 150.191 1797.34
0 45 27727 143.025 1712.85
0 46 28340 136.281 1633.19
0 47 28953 129.929 1558.01
0 48 29566 123.94 1487.01
0 49 30179 118.287 1419.9
0 50 30792 112.948 1356.42
0 51 31405 107.9 1296.32
0 52 32038 103.125 1239.38
0 53 32651 98.6029 1185.41
0 54 33264 94.3181 1134.2
0 55 33877 90.2553 1085.61
0 56 34490 86.4002 1039.45
0 57 35103 82.74 995.592
0 58 35716 79.2627 953.894
0 59 36329 75.9572 914.227
0 60 36942 72.8132 876.47
0 61 37555 69.8214 840.521
0 62 38168 66.9728 806.277
0 63 38781 64.2594 773.644
0 64 39418 61.6735 742.524
0 65 40031 59.208 712.847
0 66 40644 56.8564 684.53
0 67 41257 54.6125 657.502
0 68 41870 52.4704 631.691
0 69 42483 50.4249 607.039
0 70 43096 48.4709 583.483
0 71 43709 46.6036 560.974
0 72 44322 44.8186 539.45
0 73 44935 43.1118 518.868
0 74 45548 41.4793 499.18
0 75 46163 39.9173 480.344
0 76 46776 38.4223 462.312
0 77 47389 36.9912 445.048
0 78 48002 35.6208 428.52
0 79 48615 34.3083 412.692
0 80 49228 33.0508 397.526
0 81 49841 31.8458 382.993
0 82 50454 30.6908 369.065
0 83 51067 29.5836 355.713
0 84 51680 28.5218 342.908
0 85 52293 27.5034 330.63
0 86 52906 26.5265 318.854
0 87 53519 25.5891 307.555
0 88 54132 24.6895 296.712
0 89 54745 23.826 286.308
0 90 55422 22.997 276.318
0 91 56035 22.201 266.73
0 92 56648 21.4365 257.518
0 93 57261 20.7021 248.674
0 94 57874 19.9965 240.179
0 95 58487 19.3186 232.017
0 96 59100 18.667 224.173
0 97 59713 18.0407 216.634
0 98 60326 17.4386 209.389
0 99 60939 16.8597 202.423
0 100 61552 16.3029 195.723
0 101 62165 15.7673 189.28
0 102 62778 15.2522 183.085
0 103 63391 14.7565 177.125
0 104 64004 14.2795 171.388
0 105 64641 13.8204 165.869
0 106 65254 13.3785 160.559
0 107 65867 12.9531 155.447
0 108 66480 12.5435 150.525
0 109 67093 12.149 145.786
0 110 67706 11.769 141.224
0 111 68319 11.403 136.828
0 112 68932 11.0504 132.595
0 113 69545 10.7106 128.515
0 114 70158 10.3831 124.585
0 115 70771 10.0674 120.796
0 116 71384 9.76316 117.142
0 117 71997 9.46978 113.624
0 118 72610 9.18687 110.231
0 119 73223 8.91403 106.958
0 120 73839 8.65084 103.802
0 121 74452 8.39694 100.757
0 122 75065 8.15195 97.8182
0 123 75678 7.91554 94.9844
0 124 76291 7.68737 92.2491
0 125 76904 7.46711 89.6093
0 126 77517 7.25447 87.0596
0 127 78130 7.04914 84.6009
0 128 78743 6.85086 82.2259
0 129 79356 6.65933 79.9308
0 130 79969 6.47432 77.7154
0 131 80582 6.29557 75.573
0 132 81195 6.12284 73.5043
0 133 81808 5.9559 71.5052
0 134 82421 5.79454 69.5727
0 135 83034 5.63854 67.7047
0 136 83647 5.48771 65.8981
0 137 84260 5.34185 64.1516
0 138 84873 5.20078 62.4627
0 139 85538 5.06431 60.8291
0 140 86151 4.93228 59.2488
0 141 86764 4.80452 57.7193
0 142 87377 4.68087 56.238
0 143 87990 4.56119 54.8058
0 144 88603 4.44533 53.4181
0 145 89216 4.33315 52.0756
0 146 89829 4.22451 50.7755
0 147 90442 4.11929 49.5156
0 148 91055 4.01736 48.2958
0 149 91668 3.9186 47.1144
0 150 92281 3.82291 45.9684
0 151 92894 3.73016 44.8589
0 152 93507 3.64027 43.7818
0 153 94120 3.55311 42.7385
0 154 94733 3.4686 41.7269
0 155 95346 3.38664 40.7457
0 156 95959 3.30715 39.7943